-10.000000	7830.000000
-9.900000	7489.341100
-9.800000	7159.609600
-9.700000	6840.575100
-9.600000	6532.009600
-9.500000	6233.687500
-9.400000	5945.385600
-9.300000	5666.883100
-9.200000	5397.961600
-9.100000	5138.405100
-9.000000	4888.000000
-8.900000	4646.535100
-8.800000	4413.801600
-8.700000	4189.593100
-8.600000	3973.705600
-8.500000	3765.937500
-8.400000	3566.089600
-8.300000	3373.965100
-8.200000	3189.369600
-8.100000	3012.111100
-8.000000	2842.000000
-7.900000	2678.849100
-7.800000	2522.473600
-7.700000	2372.691100
-7.600000	2229.321600
-7.500000	2092.187500
-7.400000	1961.113600
-7.300000	1835.927100
-7.200000	1716.457600
-7.100000	1602.537100
-7.000000	1494.000000
-6.900000	1390.683100
-6.800000	1292.425600
-6.700000	1199.069100
-6.600000	1110.457600
-6.500000	1026.437500
-6.400000	946.857600
-6.300000	871.569100
-6.200000	800.425600
-6.100000	733.283100
-6.000000	670.000000
-5.900000	610.437100
-5.800000	554.457600
-5.700000	501.927100
-5.600000	452.713600
-5.500000	406.687500
-5.400000	363.721600
-5.300000	323.691100
-5.200000	286.473600
-5.100000	251.949100
-5.000000	220.000000
-4.900000	190.511100
-4.800000	163.369600
-4.700000	138.465100
-4.600000	115.689600
-4.500000	94.937500
-4.400000	76.105600
-4.300000	59.093100
-4.200000	43.801600
-4.100000	30.135100
-4.000000	18.000000
-3.900000	7.305100
-3.800000	-2.038400
-3.700000	-10.116900
-3.600000	-17.014400
-3.500000	-22.812500
-3.400000	-27.590400
-3.300000	-31.424900
-3.200000	-34.390400
-3.100000	-36.558900
-3.000000	-38.000000
-2.900000	-38.780900
-2.800000	-38.966400
-2.700000	-38.618900
-2.600000	-37.798400
-2.500000	-36.562500
-2.400000	-34.966400
-2.300000	-33.062900
-2.200000	-30.902400
-2.100000	-28.532900
-2.000000	-26.000000
-1.900000	-23.346900
-1.800000	-20.614400
-1.700000	-17.840900
-1.600000	-15.062400
-1.500000	-12.312500
-1.400000	-9.622400
-1.300000	-7.020900
-1.200000	-4.534400
-1.100000	-2.186900
-1.000000	-0.000000
-0.900000	2.007100
-0.800000	3.817600
-0.700000	5.417100
-0.600000	6.793600
-0.500000	7.937500
-0.400000	8.841600
-0.300000	9.501100
-0.200000	9.913600
-0.100000	10.079100
-0.000000	10.000000
0.100000	9.681100
0.200000	9.129600
0.300000	8.355100
0.400000	7.369600
0.500000	6.187500
0.600000	4.825600
0.700000	3.303100
0.800000	1.641600
0.900000	-0.134900
1.000000	-2.000000
1.100000	-3.924900
1.200000	-5.878400
1.300000	-7.826900
1.400000	-9.734400
1.500000	-11.562500
1.600000	-13.270400
1.700000	-14.814900
1.800000	-16.150400
1.900000	-17.228900
2.000000	-18.000000
2.100000	-18.410900
2.200000	-18.406400
2.300000	-17.928900
2.400000	-16.918400
2.500000	-15.312500
2.600000	-13.046400
2.700000	-10.052900
2.800000	-6.262400
2.900000	-1.602900
3.000000	4.000000
3.100000	10.623100
3.200000	18.345600
3.300000	27.249100
3.400000	37.417600
3.500000	48.937500
3.600000	61.897600
3.700000	76.389100
3.800000	92.505600
3.900000	110.343100
4.000000	130.000000
4.100000	151.577100
4.200000	175.177600
4.300000	200.907100
4.400000	228.873600
4.500000	259.187500
4.600000	291.961600
4.700000	327.311100
4.800000	365.353600
4.900000	406.209100
5.000000	450.000000
5.100000	496.851100
5.200000	546.889600
5.300000	600.245100
5.400000	657.049600
5.500000	717.437500
5.600000	781.545600
5.700000	849.513100
5.800000	921.481600
5.900000	997.595100
6.000000	1078.000000
6.100000	1162.845100
6.200000	1252.281600
6.300000	1346.463100
6.400000	1445.545600
6.500000	1549.687500
6.600000	1659.049600
6.700000	1773.795100
6.800000	1894.089600
6.900000	2020.101100
7.000000	2152.000000
7.100000	2289.959100
7.200000	2434.153600
7.300000	2584.761100
7.400000	2741.961600
7.500000	2905.937500
7.600000	3076.873600
7.700000	3254.957100
7.800000	3440.377600
7.900000	3633.327100
8.000000	3834.000000
8.100000	4042.593100
8.200000	4259.305600
8.300000	4484.339100
8.400000	4717.897600
8.500000	4960.187500
8.600000	5211.417600
8.700000	5471.799100
8.800000	5741.545600
8.900000	6020.873100
9.000000	6310.000000
9.100000	6609.147100
9.200000	6918.537600
9.300000	7238.397100
9.400000	7568.953600
9.500000	7910.437500
9.600000	8263.081600
9.700000	8627.121100
9.800000	9002.793600
9.900000	9390.339100
10.000000	9790.000000
