x	sin(x)	Ff	Fc	cos(x)-Ff	cos(x)-Fc
0.000000e+000	0.000000e+000	1.000000e+000	1.000000e+000	0.000000e+000	0.000000e+000
1.000000e-002	9.999833e-003	9.999500e-001	9.999500e-001	1.040747e-011	1.040747e-011
2.000000e-002	1.999867e-002	9.998000e-001	9.998000e-001	-6.967961e-012	-1.804403e-010
3.000000e-002	2.999550e-002	9.995500e-001	9.995500e-001	3.444069e-011	-1.390317e-010
4.000000e-002	3.998933e-002	9.992001e-001	9.992001e-001	-2.177367e-011	-3.687184e-010
5.000000e-002	4.997917e-002	9.987503e-001	9.987503e-001	1.223368e-010	-2.246079e-010
6.000000e-002	5.996401e-002	9.982005e-001	9.982005e-001	-3.456760e-010	-3.456760e-010
7.000000e-002	6.994285e-002	9.975510e-001	9.975510e-001	1.162927e-010	1.162927e-010
8.000000e-002	7.991469e-002	9.968017e-001	9.968017e-001	1.236067e-009	5.421778e-010
9.000000e-002	8.987855e-002	9.959527e-001	9.959527e-001	2.268063e-010	2.268063e-010
1.000000e-001	9.983342e-002	9.950042e-001	9.950042e-001	1.061836e-010	1.061836e-010
1.100000e-001	1.097783e-001	9.939561e-001	9.939561e-001	1.361225e-009	6.673355e-010
1.200000e-001	1.197122e-001	9.928086e-001	9.928086e-001	1.938823e-009	5.510442e-010
1.300000e-001	1.296341e-001	9.915619e-001	9.915619e-001	1.081426e-011	1.081426e-011
1.400000e-001	1.395431e-001	9.902160e-001	9.902160e-001	9.013984e-010	9.013984e-010
1.500000e-001	1.494381e-001	9.887711e-001	9.887711e-001	1.809105e-009	4.213260e-010
1.600000e-001	1.593182e-001	9.872273e-001	9.872273e-001	2.895564e-009	1.200064e-010
1.700000e-001	1.691823e-001	9.855848e-001	9.855848e-001	3.107722e-009	3.321643e-010
1.800000e-001	1.790296e-001	9.838437e-001	9.838437e-001	2.937960e-009	1.550181e-009
1.900000e-001	1.888589e-001	9.820042e-001	9.820042e-001	1.632114e-009	2.443351e-010
2.000000e-001	1.986693e-001	9.800666e-001	9.800666e-001	-5.238186e-011	-5.238186e-011
2.100000e-001	2.084599e-001	9.780309e-001	9.780309e-001	1.351141e-010	1.351141e-010
2.200000e-001	2.182296e-001	9.758974e-001	9.758974e-001	3.143515e-009	1.755736e-009
2.300000e-001	2.279775e-001	9.736664e-001	9.736664e-001	3.048535e-009	2.729772e-010
2.400000e-001	2.377026e-001	9.713380e-001	9.713380e-001	9.091422e-010	-4.786366e-010
2.500000e-001	2.474040e-001	9.689124e-001	9.689124e-001	1.969692e-009	5.819133e-010
2.600000e-001	2.570806e-001	9.663900e-001	9.663900e-001	4.534412e-009	1.758854e-009
2.700000e-001	2.667314e-001	9.637709e-001	9.637709e-001	-5.685372e-011	-5.685372e-011
2.800000e-001	2.763556e-001	9.610554e-001	9.610554e-001	3.077267e-009	3.017090e-010
2.900000e-001	2.859522e-001	9.582439e-001	9.582439e-001	2.373444e-009	-4.021132e-010
3.000000e-001	2.955202e-001	9.553365e-001	9.553365e-001	1.429860e-009	1.429860e-009
3.100000e-001	3.050586e-001	9.523336e-001	9.523336e-001	2.324743e-009	-4.508143e-010
3.200000e-001	3.145666e-001	9.492354e-001	9.492354e-001	3.618385e-011	3.618385e-011
3.300000e-001	3.240430e-001	9.460423e-001	9.460423e-001	4.616564e-009	1.841006e-009
3.400000e-001	3.334871e-001	9.427547e-001	9.427547e-001	2.303770e-009	2.303770e-009
3.500000e-001	3.428978e-001	9.393727e-001	9.393727e-001	5.449300e-009	-1.018146e-010
3.600000e-001	3.522742e-001	9.358968e-001	9.358968e-001	2.525353e-009	2.525353e-009
3.700000e-001	3.616154e-001	9.323273e-001	9.323273e-001	2.499925e-009	-2.756328e-010
3.800000e-001	3.709205e-001	9.286646e-001	9.286646e-001	1.495366e-009	-1.280192e-009
3.900000e-001	3.801884e-001	9.249091e-001	9.249091e-001	4.957144e-009	2.181586e-009
4.000000e-001	3.894183e-001	9.210610e-001	9.210610e-001	5.412757e-009	-1.383579e-010
4.100000e-001	3.986093e-001	9.171208e-001	9.171208e-001	-9.124734e-010	-9.124734e-010
4.200000e-001	4.077605e-001	9.130889e-001	9.130889e-001	2.519458e-009	-2.560991e-010
4.300000e-001	4.168708e-001	9.089657e-001	9.089657e-001	2.559809e-009	-2.157483e-010
4.400000e-001	4.259395e-001	9.047517e-001	9.047517e-001	7.416875e-010	7.416875e-010
4.500000e-001	4.349655e-001	9.004471e-001	9.004471e-001	2.136593e-009	2.136593e-009
4.600000e-001	4.439481e-001	8.960525e-001	8.960525e-001	4.210045e-009	-1.341070e-009
4.700000e-001	4.528863e-001	8.915683e-001	8.915683e-001	2.329655e-009	2.329655e-009
4.800000e-001	4.617792e-001	8.869949e-001	8.869949e-001	8.234092e-010	-1.952148e-009
4.900000e-001	4.706259e-001	8.823329e-001	8.823329e-001	1.832598e-009	1.832598e-009
5.000000e-001	4.794255e-001	8.775826e-001	8.775826e-001	-5.836148e-009	-3.060590e-009
5.100000e-001	4.881772e-001	8.727445e-001	8.727445e-001	-2.348554e-009	-5.124112e-009
5.200000e-001	4.968801e-001	8.678192e-001	8.678192e-001	-3.503590e-009	-3.503590e-009
5.300000e-001	5.055333e-001	8.628071e-001	8.628071e-001	2.804216e-010	-5.270694e-009
5.400000e-001	5.141360e-001	8.577087e-001	8.577087e-001	-4.923711e-010	-4.923711e-010
5.500000e-001	5.226872e-001	8.525245e-001	8.525245e-001	4.412337e-009	-1.138778e-009
5.600000e-001	5.311862e-001	8.472551e-001	8.472551e-001	4.991049e-010	4.991049e-010
5.700000e-001	5.396320e-001	8.419010e-001	8.419010e-001	4.002054e-009	-1.549061e-009
5.800000e-001	5.480239e-001	8.364627e-001	8.364627e-001	-4.781204e-009	-4.781204e-009
5.900000e-001	5.563610e-001	8.309407e-001	8.309407e-001	-3.827498e-009	-3.827498e-009
6.000000e-001	5.646425e-001	8.253356e-001	8.253356e-001	-7.158091e-009	-7.158091e-009
6.100000e-001	5.728675e-001	8.196480e-001	8.196480e-001	1.719484e-009	-3.831631e-009
6.200000e-001	5.810352e-001	8.138785e-001	8.138785e-001	-7.960241e-009	-7.960241e-009
6.300000e-001	5.891448e-001	8.080275e-001	8.080275e-001	7.846993e-009	-3.255237e-009
6.400000e-001	5.971954e-001	8.020958e-001	8.020958e-001	1.404022e-009	-4.147093e-009
6.500000e-001	6.051864e-001	7.960838e-001	7.960838e-001	-3.327969e-010	-5.883912e-009
6.600000e-001	6.131169e-001	7.899922e-001	7.899922e-001	4.307026e-009	-1.244089e-009
6.700000e-001	6.209860e-001	7.838217e-001	7.838217e-001	-8.352005e-009	-8.352005e-009
6.800000e-001	6.287930e-001	7.775727e-001	7.775727e-001	1.425558e-009	-4.125557e-009
6.900000e-001	6.365372e-001	7.712460e-001	7.712460e-001	-7.604595e-009	-7.604595e-009
7.000000e-001	6.442177e-001	7.648422e-001	7.648422e-001	-2.297794e-009	-2.297794e-009
7.100000e-001	6.518338e-001	7.583619e-001	7.583619e-001	-8.410419e-009	-2.859304e-009
7.200000e-001	6.593847e-001	7.518057e-001	7.518057e-001	3.583661e-010	3.583661e-010
7.300000e-001	6.668696e-001	7.451744e-001	7.451744e-001	2.381737e-009	-3.169378e-009
7.400000e-001	6.742879e-001	7.384686e-001	7.384686e-001	-5.346968e-009	-5.346968e-009
7.500000e-001	6.816388e-001	7.316889e-001	7.316889e-001	-7.280559e-009	-7.280559e-009
7.600000e-001	6.889214e-001	7.248360e-001	7.248360e-001	-2.691745e-009	-2.691745e-009
7.700000e-001	6.961352e-001	7.179107e-001	7.179107e-001	-5.740931e-009	-5.740931e-009
7.800000e-001	7.032794e-001	7.109135e-001	7.109135e-001	-1.135818e-009	-1.135818e-009
7.900000e-001	7.103533e-001	7.038453e-001	7.038453e-001	2.881868e-010	-5.262928e-009
8.000000e-001	7.173561e-001	6.967067e-001	6.967067e-001	5.906923e-009	3.558081e-010
8.100000e-001	7.242872e-001	6.894984e-001	6.894984e-001	7.930107e-009	-3.172123e-009
8.200000e-001	7.311458e-001	6.822212e-001	6.822212e-001	5.534405e-009	-1.671006e-011
8.300000e-001	7.379314e-001	6.748758e-001	6.748758e-001	4.791353e-009	-7.597618e-010
8.400000e-001	7.446431e-001	6.674628e-001	6.674628e-001	-3.609874e-009	-3.609874e-009
8.500000e-001	7.512804e-001	6.599831e-001	6.599831e-001	-2.699806e-011	-2.699806e-011
8.600000e-001	7.578426e-001	6.524375e-001	6.524375e-001	-2.552142e-009	-2.552142e-009
8.700000e-001	7.643289e-001	6.448265e-001	6.448265e-001	-4.732501e-010	-4.732501e-010
8.800000e-001	7.707389e-001	6.371511e-001	6.371511e-001	1.241542e-009	-4.309573e-009
8.900000e-001	7.770717e-001	6.294120e-001	6.294120e-001	-7.029975e-009	-7.029975e-009
9.000000e-001	7.833269e-001	6.216100e-001	6.216100e-001	4.768086e-009	-7.830295e-010
9.100000e-001	7.895037e-001	6.137457e-001	6.137457e-001	6.372244e-009	8.211288e-010
9.200000e-001	7.956016e-001	6.058202e-001	6.058202e-001	-4.060522e-009	-4.060522e-009
9.300000e-001	8.016199e-001	5.978340e-001	5.978340e-001	-3.142063e-011	-5.582536e-009
9.400000e-001	8.075581e-001	5.897880e-001	5.897880e-001	6.607522e-009	1.056407e-009
9.500000e-001	8.134155e-001	5.816831e-001	5.816831e-001	-1.119713e-009	-1.119713e-009
9.600000e-001	8.191916e-001	5.735200e-001	5.735200e-001	-9.846689e-010	-9.846689e-010
9.700000e-001	8.248857e-001	5.652995e-001	5.652995e-001	1.751152e-009	-3.799964e-009
9.800000e-001	8.304974e-001	5.570226e-001	5.570226e-001	-3.540879e-009	-3.540879e-009
9.900000e-001	8.360260e-001	5.486899e-001	5.486899e-001	3.679733e-010	3.679733e-010
1.000000e+000	8.414710e-001	5.403023e-001	5.403023e-001	2.969885e-009	-2.581230e-009
1.010000e+000	8.468318e-001	5.318607e-001	5.318607e-001	1.034607e-008	4.794953e-009
1.020000e+000	8.521080e-001	5.233659e-001	5.233659e-001	1.177621e-008	6.225094e-009
1.030000e+000	8.572990e-001	5.148188e-001	5.148188e-001	1.858513e-009	1.858513e-009
1.040000e+000	8.624042e-001	5.062203e-001	5.062203e-001	2.629216e-009	2.629216e-009
1.050000e+000	8.674232e-001	4.975710e-001	4.975710e-001	7.965967e-009	2.414852e-009
1.060000e+000	8.723555e-001	4.888721e-001	4.888721e-001	5.706304e-009	1.551887e-010
1.070000e+000	8.772005e-001	4.801242e-001	4.801242e-001	1.086785e-008	5.316736e-009
1.080000e+000	8.819578e-001	4.713284e-001	4.713284e-001	1.005018e-008	4.499067e-009
1.090000e+000	8.866269e-001	4.624854e-001	4.624854e-001	5.756264e-009	2.051491e-010
1.100000e+000	8.912074e-001	4.535961e-001	4.535961e-001	5.202267e-009	5.202267e-009
1.110000e+000	8.956987e-001	4.446615e-001	4.446615e-001	9.126910e-009	3.575795e-009
1.120000e+000	9.001004e-001	4.356824e-001	4.356824e-001	6.003340e-010	6.003340e-010
1.130000e+000	9.044122e-001	4.266598e-001	4.266598e-001	1.154814e-008	5.997030e-009
1.140000e+000	9.086335e-001	4.175945e-001	4.175945e-001	1.163932e-008	6.088202e-009
1.150000e+000	9.127639e-001	4.084874e-001	4.084874e-001	8.116045e-009	2.564929e-009
1.160000e+000	9.168031e-001	3.993395e-001	3.993395e-001	1.239639e-008	1.294164e-009
1.170000e+000	9.207506e-001	3.901517e-001	3.901517e-001	6.676551e-009	1.125436e-009
1.180000e+000	9.246060e-001	3.809248e-001	3.809248e-001	1.045272e-008	4.901603e-009
1.190000e+000	9.283690e-001	3.716599e-001	3.716599e-001	2.713629e-009	2.713629e-009
1.200000e+000	9.320391e-001	3.623578e-001	3.623578e-001	-4.361060e-010	-4.361060e-010
1.210000e+000	9.356160e-001	3.530194e-001	3.530194e-001	-1.379801e-009	-1.379801e-009
1.220000e+000	9.390994e-001	3.436457e-001	3.436457e-001	1.122747e-009	1.122747e-009
1.230000e+000	9.424888e-001	3.342377e-001	3.342377e-001	1.184188e-008	6.290761e-009
1.240000e+000	9.457840e-001	3.247963e-001	3.247963e-001	5.677634e-009	1.265189e-010
1.250000e+000	9.489846e-001	3.153224e-001	3.153224e-001	5.281312e-009	-2.698036e-010
1.260000e+000	9.520903e-001	3.058169e-001	3.058169e-001	1.434765e-008	3.245417e-009
1.270000e+000	9.551009e-001	2.962809e-001	2.962809e-001	6.417859e-009	8.667437e-010
1.280000e+000	9.580159e-001	2.867152e-001	2.867152e-001	1.360244e-008	2.500205e-009
1.290000e+000	9.608351e-001	2.771209e-001	2.771209e-001	4.361244e-009	-1.189872e-009
1.300000e+000	9.635582e-001	2.674988e-001	2.674988e-001	5.532404e-009	5.532404e-009
1.310000e+000	9.661850e-001	2.578500e-001	2.578500e-001	1.341851e-008	2.316280e-009
1.320000e+000	9.687151e-001	2.481754e-001	2.481754e-001	4.792639e-009	4.792639e-009
1.330000e+000	9.711484e-001	2.384761e-001	2.384761e-001	3.415245e-009	-2.135870e-009
1.340000e+000	9.734845e-001	2.287528e-001	2.287528e-001	1.332404e-008	2.221807e-009
1.350000e+000	9.757234e-001	2.190067e-001	2.190067e-001	7.634752e-009	2.083637e-009
1.360000e+000	9.778646e-001	2.092387e-001	2.092387e-001	6.159538e-009	6.084226e-010
1.370000e+000	9.799081e-001	1.994497e-001	1.994497e-001	8.696114e-009	3.144999e-009
1.380000e+000	9.818535e-001	1.896408e-001	1.896408e-001	6.032320e-009	4.812047e-010
1.390000e+000	9.837008e-001	1.798130e-001	1.798130e-001	2.052690e-009	2.052690e-009
1.400000e+000	9.854497e-001	1.699671e-001	1.699671e-001	2.538136e-009	-3.012979e-009
1.410000e+000	9.871001e-001	1.601043e-001	1.601043e-001	3.965438e-009	-1.585678e-009
1.420000e+000	9.886518e-001	1.502255e-001	1.502255e-001	4.511018e-009	-1.040097e-009
1.430000e+000	9.901046e-001	1.403316e-001	1.403316e-001	3.952319e-009	-1.598796e-009
1.440000e+000	9.914583e-001	1.304237e-001	1.304237e-001	1.467124e-008	3.569009e-009
1.450000e+000	9.927130e-001	1.205028e-001	1.205028e-001	6.044050e-009	4.929346e-010
1.460000e+000	9.938684e-001	1.105698e-001	1.105698e-001	4.262390e-009	-1.288725e-009
1.470000e+000	9.949243e-001	1.006257e-001	1.006257e-001	1.451845e-008	3.416215e-009
1.480000e+000	9.958808e-001	9.067163e-002	9.067163e-002	-1.298842e-009	-1.298842e-009
1.490000e+000	9.967378e-001	8.070844e-002	8.070845e-002	8.523557e-009	-2.578674e-009
1.500000e+000	9.974950e-001	7.073719e-002	7.073720e-002	7.787525e-009	-3.314706e-009
1.510000e+000	9.981525e-001	6.075888e-002	6.075888e-002	5.510940e-009	-4.017463e-011
1.520000e+000	9.987101e-001	5.077447e-002	5.077448e-002	1.141904e-008	3.168113e-010
1.530000e+000	9.991679e-001	4.078501e-002	4.078501e-002	2.537953e-009	2.537953e-009
1.540000e+000	9.995258e-001	3.079146e-002	3.079146e-002	8.104591e-010	8.104591e-010
1.550000e+000	9.997838e-001	2.079482e-002	2.079483e-002	6.382725e-009	8.316094e-010
1.560000e+000	9.999417e-001	1.079611e-002	1.079611e-002	8.606595e-009	3.055479e-009
1.570000e+000	9.999997e-001	7.963186e-004	7.963241e-004	8.144090e-009	2.592974e-009
1.580000e+000	9.999576e-001	-9.203549e-003	-9.203543e-003	5.765189e-009	2.140735e-010
1.590000e+000	9.998156e-001	-1.920250e-002	-1.920249e-002	2.247835e-009	-3.303280e-009
1.600000e+000	9.995736e-001	-2.919952e-002	-2.919952e-002	-1.722064e-009	-1.722064e-009
1.610000e+000	9.992316e-001	-3.919364e-002	-3.919363e-002	5.451611e-009	-9.950460e-011
1.620000e+000	9.987897e-001	-4.918382e-002	-4.918382e-002	1.766294e-009	-3.784821e-009
1.630000e+000	9.982480e-001	-5.916909e-002	-5.916909e-002	-1.865817e-009	-1.865817e-009
1.640000e+000	9.976064e-001	-6.914845e-002	-6.914845e-002	4.975645e-009	-5.754702e-010
1.650000e+000	9.968650e-001	-7.912090e-002	-7.912089e-002	9.914906e-009	-1.187325e-009
1.660000e+000	9.960240e-001	-8.908542e-002	-8.908541e-002	-1.152829e-010	-5.666398e-009
1.670000e+000	9.950833e-001	-9.904104e-002	-9.904104e-002	5.435558e-009	-1.155576e-010
1.680000e+000	9.940432e-001	-1.089868e-001	-1.089868e-001	1.181814e-008	7.159140e-010
1.690000e+000	9.929037e-001	-1.189216e-001	-1.189216e-001	3.292801e-009	-2.258314e-009
1.700000e+000	9.916648e-001	-1.288445e-001	-1.288445e-001	7.438923e-009	1.887808e-009
1.710000e+000	9.903268e-001	-1.387545e-001	-1.387545e-001	6.237788e-009	-4.864442e-009
1.720000e+000	9.888898e-001	-1.486507e-001	-1.486507e-001	2.586713e-009	-2.964403e-009
1.730000e+000	9.873538e-001	-1.585320e-001	-1.585320e-001	-2.004511e-009	-2.004511e-009
1.740000e+000	9.857192e-001	-1.683975e-001	-1.683974e-001	3.589659e-009	-1.961456e-009
1.750000e+000	9.839859e-001	-1.782461e-001	-1.782461e-001	6.705010e-009	-4.397220e-009
1.760000e+000	9.821543e-001	-1.880768e-001	-1.880768e-001	4.095612e-009	-1.455503e-009
1.770000e+000	9.802245e-001	-1.978888e-001	-1.978888e-001	1.293757e-008	1.835337e-009
1.780000e+000	9.781966e-001	-2.076810e-001	-2.076810e-001	4.117316e-009	-1.433799e-009
1.790000e+000	9.760709e-001	-2.174524e-001	-2.174524e-001	2.053599e-009	-3.497516e-009
1.800000e+000	9.738476e-001	-2.272021e-001	-2.272021e-001	6.883918e-009	-4.218312e-009
1.810000e+000	9.715270e-001	-2.369290e-001	-2.369290e-001	-5.633172e-009	-5.633172e-009
1.820000e+000	9.691091e-001	-2.466323e-001	-2.466323e-001	4.602280e-009	-9.488347e-010
1.830000e+000	9.665944e-001	-2.563109e-001	-2.563109e-001	-2.394633e-009	-2.394633e-009
1.840000e+000	9.639830e-001	-2.659639e-001	-2.659639e-001	-2.461725e-009	-2.461725e-009
1.850000e+000	9.612752e-001	-2.755903e-001	-2.755902e-001	3.795669e-009	-1.755446e-009
1.860000e+000	9.584713e-001	-2.851891e-001	-2.851891e-001	1.311262e-008	2.010387e-009
1.870000e+000	9.555715e-001	-2.947594e-001	-2.947594e-001	-2.736131e-009	-2.736131e-009
1.880000e+000	9.525762e-001	-3.043002e-001	-3.043002e-001	2.887945e-009	-2.663170e-009
1.890000e+000	9.494856e-001	-3.138106e-001	-3.138106e-001	7.062440e-009	1.511325e-009
1.900000e+000	9.463001e-001	-3.232896e-001	-3.232896e-001	6.026457e-009	4.753421e-010
1.910000e+000	9.430199e-001	-3.327362e-001	-3.327362e-001	3.983276e-009	-1.567839e-009
1.920000e+000	9.396455e-001	-3.421497e-001	-3.421497e-001	1.903336e-009	1.903336e-009
1.930000e+000	9.361771e-001	-3.515289e-001	-3.515288e-001	8.531998e-009	-2.570232e-009
1.940000e+000	9.326150e-001	-3.608729e-001	-3.608729e-001	-4.113505e-009	-4.113505e-009
1.950000e+000	9.289597e-001	-3.701808e-001	-3.701808e-001	-9.177909e-010	-6.468906e-009
1.960000e+000	9.252115e-001	-3.794518e-001	-3.794518e-001	5.216934e-009	-5.885296e-009
1.970000e+000	9.213708e-001	-3.886848e-001	-3.886848e-001	-2.313282e-009	-2.313282e-009
1.980000e+000	9.174380e-001	-3.978789e-001	-3.978789e-001	1.160430e-008	5.020729e-010
1.990000e+000	9.134134e-001	-4.070332e-001	-4.070332e-001	4.800398e-010	4.800398e-010
2.000000e+000	9.092974e-001	-4.161468e-001	-4.161468e-001	2.663397e-009	-2.887718e-009
2.010000e+000	9.050906e-001	-4.252188e-001	-4.252188e-001	-3.077572e-009	-3.077572e-009
2.020000e+000	9.007932e-001	-4.342483e-001	-4.342483e-001	2.272707e-009	-3.278408e-009
2.030000e+000	8.964057e-001	-4.432344e-001	-4.432344e-001	1.710033e-010	1.710033e-010
2.040000e+000	8.919287e-001	-4.521762e-001	-4.521762e-001	1.038362e-009	1.038362e-009
2.050000e+000	8.873624e-001	-4.610727e-001	-4.610727e-001	-2.386706e-010	-2.386706e-010
2.060000e+000	8.827074e-001	-4.699231e-001	-4.699231e-001	8.909226e-009	-2.193004e-009
2.070000e+000	8.779641e-001	-4.787265e-001	-4.787265e-001	3.134032e-009	-2.417083e-009
2.080000e+000	8.731330e-001	-4.874821e-001	-4.874821e-001	-3.202506e-009	-3.202506e-009
2.090000e+000	8.682146e-001	-4.961889e-001	-4.961889e-001	-5.258252e-010	-6.076940e-009
2.100000e+000	8.632094e-001	-5.048461e-001	-5.048461e-001	4.761666e-009	-7.894489e-010
2.110000e+000	8.581178e-001	-5.134528e-001	-5.134528e-001	1.295754e-009	-4.255361e-009
2.120000e+000	8.529405e-001	-5.220082e-001	-5.220082e-001	5.970538e-009	-5.131692e-009
2.130000e+000	8.476778e-001	-5.305113e-001	-5.305113e-001	-2.761016e-009	-2.761016e-009
2.140000e+000	8.423304e-001	-5.389614e-001	-5.389614e-001	-7.257016e-009	-7.257016e-009
2.150000e+000	8.368988e-001	-5.473577e-001	-5.473577e-001	-6.282825e-009	-6.282825e-009
2.160000e+000	8.313835e-001	-5.556991e-001	-5.556991e-001	-3.993329e-009	-3.993329e-009
2.170000e+000	8.257850e-001	-5.639851e-001	-5.639851e-001	1.085329e-009	-4.465787e-009
2.180000e+000	8.201039e-001	-5.722146e-001	-5.722146e-001	-6.232124e-009	-6.232124e-009
2.190000e+000	8.143409e-001	-5.803869e-001	-5.803869e-001	8.740435e-009	-2.361795e-009
2.200000e+000	8.084964e-001	-5.885011e-001	-5.885011e-001	-2.748531e-009	-2.748531e-009
2.210000e+000	8.025711e-001	-5.965565e-001	-5.965565e-001	4.665737e-009	-8.853786e-010
2.220000e+000	7.965655e-001	-6.045523e-001	-6.045523e-001	-7.252524e-009	-7.252524e-009
2.230000e+000	7.904802e-001	-6.124876e-001	-6.124876e-001	6.113298e-009	-4.988932e-009
2.240000e+000	7.843159e-001	-6.203616e-001	-6.203616e-001	5.618783e-009	6.766786e-011
2.250000e+000	7.780732e-001	-6.281736e-001	-6.281736e-001	1.505887e-009	-4.045228e-009
2.260000e+000	7.717527e-001	-6.359228e-001	-6.359228e-001	-2.186947e-009	-2.186947e-009
2.270000e+000	7.653550e-001	-6.436084e-001	-6.436084e-001	-7.702905e-009	-7.702905e-009
2.280000e+000	7.588807e-001	-6.512297e-001	-6.512297e-001	-1.439838e-009	-1.439838e-009
2.290000e+000	7.523306e-001	-6.587858e-001	-6.587858e-001	-9.538263e-009	-3.987147e-009
2.300000e+000	7.457052e-001	-6.662760e-001	-6.662760e-001	1.962498e-009	-3.588617e-009
2.310000e+000	7.390053e-001	-6.736996e-001	-6.736996e-001	4.924220e-009	-6.268954e-010
2.320000e+000	7.322314e-001	-6.810559e-001	-6.810559e-001	-2.147278e-009	-7.698393e-009
2.330000e+000	7.253844e-001	-6.883440e-001	-6.883440e-001	5.823630e-009	-5.278600e-009
2.340000e+000	7.184648e-001	-6.955633e-001	-6.955633e-001	2.693204e-009	-2.857912e-009
2.350000e+000	7.114734e-001	-7.027131e-001	-7.027131e-001	-1.567041e-010	-5.707819e-009
2.360000e+000	7.044108e-001	-7.097925e-001	-7.097926e-001	-9.401985e-009	-3.850870e-009
2.370000e+000	6.972777e-001	-7.168011e-001	-7.168011e-001	5.663374e-009	-5.438856e-009
2.380000e+000	6.900750e-001	-7.237379e-001	-7.237379e-001	2.034199e-009	-3.516916e-009
2.390000e+000	6.828032e-001	-7.306023e-001	-7.306023e-001	7.253037e-009	-3.849193e-009
2.400000e+000	6.754632e-001	-7.373937e-001	-7.373937e-001	8.318484e-009	-2.783746e-009
2.410000e+000	6.680556e-001	-7.441114e-001	-7.441114e-001	-3.974533e-009	-3.974533e-009
2.420000e+000	6.605812e-001	-7.507546e-001	-7.507546e-001	-1.795982e-009	-1.795982e-009
2.430000e+000	6.530408e-001	-7.573228e-001	-7.573228e-001	1.936490e-009	-3.614625e-009
2.440000e+000	6.454350e-001	-7.638152e-001	-7.638152e-001	-2.099956e-009	-2.099956e-009
2.450000e+000	6.377647e-001	-7.702312e-001	-7.702312e-001	-8.596799e-009	-8.596799e-009
2.460000e+000	6.300306e-001	-7.765703e-001	-7.765703e-001	2.320918e-009	-3.230197e-009
2.470000e+000	6.222336e-001	-7.828317e-001	-7.828317e-001	-1.582955e-009	-1.582955e-009
2.480000e+000	6.143743e-001	-7.890147e-001	-7.890147e-001	-4.798987e-009	-4.798987e-009
2.490000e+000	6.064535e-001	-7.951189e-001	-7.951189e-001	3.540629e-010	-5.197052e-009
2.500000e+000	5.984721e-001	-8.011436e-001	-8.011436e-001	2.565193e-009	-2.985922e-009
2.510000e+000	5.904309e-001	-8.070882e-001	-8.070882e-001	4.776803e-009	-7.743116e-010
2.520000e+000	5.823306e-001	-8.129520e-001	-8.129520e-001	1.919992e-009	-3.631123e-009
2.530000e+000	5.741721e-001	-8.187346e-001	-8.187346e-001	3.059570e-009	-2.491545e-009
2.540000e+000	5.659562e-001	-8.244353e-001	-8.244353e-001	-1.971267e-009	-7.522383e-009
2.550000e+000	5.576837e-001	-8.300535e-001	-8.300535e-001	1.780157e-009	-3.770958e-009
2.560000e+000	5.493554e-001	-8.355888e-001	-8.355888e-001	-1.182154e-009	-6.733269e-009
2.570000e+000	5.409722e-001	-8.410405e-001	-8.410405e-001	-1.347908e-009	-6.899023e-009
2.580000e+000	5.325349e-001	-8.464080e-001	-8.464080e-001	-8.664787e-009	-3.113672e-009
2.590000e+000	5.240443e-001	-8.516910e-001	-8.516910e-001	-8.184050e-009	-8.184050e-009
2.600000e+000	5.155014e-001	-8.568887e-001	-8.568887e-001	-4.523123e-009	-4.523123e-009
2.610000e+000	5.069069e-001	-8.620008e-001	-8.620008e-001	2.860292e-010	-5.265086e-009
2.620000e+000	4.982616e-001	-8.670267e-001	-8.670267e-001	-4.357304e-009	-4.357304e-009
2.630000e+000	4.895666e-001	-8.719659e-001	-8.719659e-001	-4.367005e-009	-4.367005e-009
2.640000e+000	4.808226e-001	-8.768179e-001	-8.768179e-001	-5.429311e-009	-5.429311e-009
2.650000e+000	4.720305e-001	-8.815822e-001	-8.815822e-001	2.544885e-010	-5.296627e-009
2.660000e+000	4.631913e-001	-8.862583e-001	-8.862583e-001	-4.938274e-009	-4.938274e-009
2.670000e+000	4.543057e-001	-8.908459e-001	-8.908459e-001	-3.037021e-009	-5.812578e-009
2.680000e+000	4.453746e-001	-8.953443e-001	-8.953443e-001	-1.586954e-009	-4.362511e-009
2.690000e+000	4.363991e-001	-8.997532e-001	-8.997532e-001	-5.939357e-009	-5.939357e-009
2.700000e+000	4.273799e-001	-9.040721e-001	-9.040721e-001	-2.643232e-009	-5.418789e-009
2.710000e+000	4.183179e-001	-9.083007e-001	-9.083007e-001	-3.898305e-009	-6.673863e-009
2.720000e+000	4.092142e-001	-9.124384e-001	-9.124384e-001	-3.189303e-009	-5.964860e-009
2.730000e+000	4.000695e-001	-9.164848e-001	-9.164848e-001	-3.083802e-009	-5.859360e-009
2.740000e+000	3.908848e-001	-9.204396e-001	-9.204396e-001	-4.171385e-009	-4.171385e-009
2.750000e+000	3.816610e-001	-9.243024e-001	-9.243024e-001	4.470201e-010	-5.104095e-009
2.760000e+000	3.723990e-001	-9.280727e-001	-9.280727e-001	-8.187107e-009	-8.187107e-009
2.770000e+000	3.630998e-001	-9.317502e-001	-9.317502e-001	-2.764003e-009	-5.539560e-009
2.780000e+000	3.537643e-001	-9.353346e-001	-9.353346e-001	-4.112282e-009	-6.887840e-009
2.790000e+000	3.443935e-001	-9.388254e-001	-9.388254e-001	-3.520102e-009	-3.520102e-009
2.800000e+000	3.349882e-001	-9.422223e-001	-9.422223e-001	-7.179924e-009	-7.179924e-009
2.810000e+000	3.255493e-001	-9.455250e-001	-9.455250e-001	-8.467846e-009	-8.467846e-009
2.820000e+000	3.160780e-001	-9.487332e-001	-9.487332e-001	-4.630919e-009	-4.630919e-009
2.830000e+000	3.065750e-001	-9.518465e-001	-9.518465e-001	-2.371285e-009	-5.146843e-009
2.840000e+000	2.970414e-001	-9.548646e-001	-9.548646e-001	-1.224917e-009	-6.776032e-009
2.850000e+000	2.874780e-001	-9.577872e-001	-9.577872e-001	-4.694976e-009	-4.694976e-009
2.860000e+000	2.778859e-001	-9.606141e-001	-9.606141e-001	-3.628653e-009	-3.628653e-009
2.870000e+000	2.682661e-001	-9.633449e-001	-9.633449e-001	-4.001964e-009	-6.777522e-009
2.880000e+000	2.586193e-001	-9.659793e-001	-9.659793e-001	-4.743563e-009	-4.743563e-009
2.890000e+000	2.489468e-001	-9.685172e-001	-9.685172e-001	-6.088717e-009	-6.088717e-009
2.900000e+000	2.392493e-001	-9.709582e-001	-9.709582e-001	-4.054538e-009	-5.442317e-009
2.910000e+000	2.295279e-001	-9.733021e-001	-9.733021e-001	-4.343150e-009	-5.730929e-009
2.920000e+000	2.197836e-001	-9.755486e-001	-9.755486e-001	-5.712750e-009	-5.712750e-009
2.930000e+000	2.100173e-001	-9.776977e-001	-9.776977e-001	-5.552162e-009	-6.939940e-009
2.940000e+000	2.002300e-001	-9.797489e-001	-9.797489e-001	-5.454420e-009	-5.454420e-009
2.950000e+000	1.904226e-001	-9.817022e-001	-9.817022e-001	-5.687143e-009	-7.074922e-009
2.960000e+000	1.805963e-001	-9.835573e-001	-9.835573e-001	-5.213044e-009	-6.600823e-009
2.970000e+000	1.707518e-001	-9.853141e-001	-9.853141e-001	-4.485021e-009	-5.872800e-009
2.980000e+000	1.608903e-001	-9.869723e-001	-9.869723e-001	-5.464710e-009	-5.464710e-009
2.990000e+000	1.510127e-001	-9.885318e-001	-9.885318e-001	-3.313377e-009	-6.088935e-009
3.000000e+000	1.411200e-001	-9.899925e-001	-9.899925e-001	-5.837406e-009	-5.837406e-009
3.010000e+000	1.312132e-001	-9.913542e-001	-9.913542e-001	-5.748314e-009	-5.748314e-009
3.020000e+000	1.212933e-001	-9.926167e-001	-9.926167e-001	-5.657380e-009	-6.351269e-009
3.030000e+000	1.113612e-001	-9.937800e-001	-9.937800e-001	-5.599247e-009	-5.599247e-009
3.040000e+000	1.014180e-001	-9.948439e-001	-9.948439e-001	-5.820114e-009	-6.514003e-009
3.050000e+000	9.146464e-002	-9.958083e-001	-9.958083e-001	-5.401578e-009	-6.095468e-009
3.060000e+000	8.150215e-002	-9.966732e-001	-9.966732e-001	-6.434620e-009	-6.434620e-009
3.070000e+000	7.153151e-002	-9.974383e-001	-9.974383e-001	-5.702569e-009	-6.396458e-009
3.080000e+000	6.155372e-002	-9.981038e-001	-9.981038e-001	-5.791984e-009	-6.138929e-009
3.090000e+000	5.156977e-002	-9.986694e-001	-9.986694e-001	-6.079744e-009	-6.079744e-009
3.100000e+000	4.158066e-002	-9.991351e-001	-9.991351e-001	-6.209145e-009	-6.209145e-009
3.110000e+000	3.158740e-002	-9.995010e-001	-9.995010e-001	-5.401672e-009	-6.095561e-009
3.120000e+000	2.159098e-002	-9.997669e-001	-9.997669e-001	-6.278045e-009	-6.104573e-009
3.130000e+000	1.159239e-002	-9.999328e-001	-9.999328e-001	-6.014789e-009	-6.014789e-009
3.140000e+000	1.592653e-003	-9.999987e-001	-9.999987e-001	-6.061344e-009	-6.072186e-009
3.150000e+000	-8.407247e-003	-9.999647e-001	-9.999647e-001	-6.070189e-009	-6.070189e-009
3.160000e+000	-1.840631e-002	-9.998306e-001	-9.998306e-001	-5.979176e-009	-5.979176e-009
3.170000e+000	-2.840353e-002	-9.995965e-001	-9.995965e-001	-6.184655e-009	-6.184655e-009
3.180000e+000	-3.839790e-002	-9.992625e-001	-9.992625e-001	-6.499305e-009	-6.152360e-009
3.190000e+000	-4.838844e-002	-9.988286e-001	-9.988286e-001	-6.670203e-009	-5.976314e-009
3.200000e+000	-5.837414e-002	-9.982948e-001	-9.982948e-001	-6.028549e-009	-6.028549e-009
3.210000e+000	-6.835401e-002	-9.976611e-001	-9.976611e-001	-5.220041e-009	-5.913930e-009
3.220000e+000	-7.832703e-002	-9.969277e-001	-9.969277e-001	-7.240378e-009	-6.546489e-009
3.230000e+000	-8.829223e-002	-9.960946e-001	-9.960946e-001	-7.020578e-009	-6.326689e-009
3.240000e+000	-9.824859e-002	-9.951619e-001	-9.951619e-001	-5.991325e-009	-5.991325e-009
3.250000e+000	-1.081951e-001	-9.941297e-001	-9.941297e-001	-5.829628e-009	-5.829628e-009
3.260000e+000	-1.181309e-001	-9.929980e-001	-9.929980e-001	-5.673945e-009	-5.673945e-009
3.270000e+000	-1.280548e-001	-9.917671e-001	-9.917671e-001	-4.889410e-009	-6.277189e-009
3.280000e+000	-1.379659e-001	-9.904370e-001	-9.904370e-001	-7.219859e-009	-7.219859e-009
3.290000e+000	-1.478632e-001	-9.890078e-001	-9.890078e-001	-6.897728e-009	-6.897728e-009
3.300000e+000	-1.577457e-001	-9.874798e-001	-9.874798e-001	-8.059661e-009	-6.671882e-009
3.310000e+000	-1.676124e-001	-9.858530e-001	-9.858530e-001	-5.303310e-009	-5.303310e-009
3.320000e+000	-1.774624e-001	-9.841276e-001	-9.841276e-001	-5.876519e-009	-5.876519e-009
3.330000e+000	-1.872947e-001	-9.823038e-001	-9.823038e-001	-7.456594e-009	-6.068815e-009
3.340000e+000	-1.971082e-001	-9.803817e-001	-9.803817e-001	-9.235280e-009	-6.459723e-009
3.350000e+000	-2.069020e-001	-9.783617e-001	-9.783617e-001	-6.349409e-009	-4.961630e-009
3.360000e+000	-2.166751e-001	-9.762438e-001	-9.762438e-001	-9.290581e-009	-6.515024e-009
3.370000e+000	-2.264265e-001	-9.740282e-001	-9.740282e-001	-5.027160e-009	-5.027160e-009
3.380000e+000	-2.361553e-001	-9.717153e-001	-9.717153e-001	-6.943129e-009	-5.555351e-009
3.390000e+000	-2.458605e-001	-9.693052e-001	-9.693052e-001	-7.631460e-009	-6.243682e-009
3.400000e+000	-2.555411e-001	-9.667982e-001	-9.667982e-001	-6.626558e-009	-6.626558e-009
3.410000e+000	-2.651961e-001	-9.641945e-001	-9.641945e-001	-4.829044e-009	-4.829044e-009
3.420000e+000	-2.748247e-001	-9.614944e-001	-9.614944e-001	-7.256247e-009	-4.480690e-009
3.430000e+000	-2.844257e-001	-9.586981e-001	-9.586981e-001	-1.191393e-008	-6.362820e-009
3.440000e+000	-2.939983e-001	-9.558059e-001	-9.558059e-001	-4.218197e-009	-4.218197e-009
3.450000e+000	-3.035415e-001	-9.528182e-001	-9.528182e-001	-6.927519e-009	-6.927519e-009
3.460000e+000	-3.130544e-001	-9.497352e-001	-9.497352e-001	-7.949368e-009	-7.949368e-009
3.470000e+000	-3.225359e-001	-9.465572e-001	-9.465572e-001	-4.719233e-009	-4.719233e-009
3.480000e+000	-3.319852e-001	-9.432846e-001	-9.432846e-001	-4.169795e-009	-4.169795e-009
3.490000e+000	-3.414013e-001	-9.399176e-001	-9.399176e-001	-6.045808e-009	-6.045808e-009
3.500000e+000	-3.507832e-001	-9.364567e-001	-9.364567e-001	-8.422482e-009	-5.646925e-009
3.510000e+000	-3.601301e-001	-9.329021e-001	-9.329021e-001	-7.671817e-009	-4.896260e-009
3.520000e+000	-3.694410e-001	-9.292542e-001	-9.292542e-001	-3.979109e-009	-3.979109e-009
3.530000e+000	-3.787149e-001	-9.255134e-001	-9.255134e-001	-6.858518e-009	-4.082960e-009
3.540000e+000	-3.879509e-001	-9.216800e-001	-9.216800e-001	-1.291213e-008	-7.361017e-009
3.550000e+000	-3.971482e-001	-9.177545e-001	-9.177545e-001	-5.792560e-009	-5.792560e-009
3.560000e+000	-4.063057e-001	-9.137372e-001	-9.137372e-001	-6.124629e-009	-6.124629e-009
3.570000e+000	-4.154226e-001	-9.096285e-001	-9.096285e-001	-4.852756e-009	-4.852756e-009
3.580000e+000	-4.244980e-001	-9.054289e-001	-9.054289e-001	-7.609692e-009	-7.609692e-009
3.590000e+000	-4.335309e-001	-9.011387e-001	-9.011387e-001	-6.919858e-009	-6.919858e-009
3.600000e+000	-4.425204e-001	-8.967584e-001	-8.967584e-001	-4.361819e-009	-4.361819e-009
3.610000e+000	-4.514658e-001	-8.922884e-001	-8.922884e-001	-1.052537e-008	-4.974256e-009
3.620000e+000	-4.603659e-001	-8.877292e-001	-8.877292e-001	-6.109943e-009	-6.109943e-009
3.630000e+000	-4.692200e-001	-8.830813e-001	-8.830813e-001	-8.493273e-009	-5.717715e-009
3.640000e+000	-4.780272e-001	-8.783450e-001	-8.783450e-001	-1.062355e-008	-7.847996e-009
3.650000e+000	-4.867866e-001	-8.735209e-001	-8.735209e-001	-3.177413e-009	-3.177413e-009
3.660000e+000	-4.954974e-001	-8.686094e-001	-8.686094e-001	-7.819244e-009	-5.043686e-009
3.670000e+000	-5.041585e-001	-8.636111e-001	-8.636111e-001	5.626500e-010	-4.988465e-009
3.680000e+000	-5.127693e-001	-8.585264e-001	-8.585264e-001	-6.014906e-009	-6.014906e-009
3.690000e+000	-5.213288e-001	-8.533559e-001	-8.533559e-001	-3.108789e-009	-3.108789e-009
3.700000e+000	-5.298361e-001	-8.481000e-001	-8.481000e-001	-8.167685e-009	-2.616570e-009
3.710000e+000	-5.382905e-001	-8.427594e-001	-8.427594e-001	-2.764779e-009	-2.764779e-009
3.720000e+000	-5.466910e-001	-8.373344e-001	-8.373344e-001	-1.026080e-008	-4.709688e-009
3.730000e+000	-5.550369e-001	-8.318257e-001	-8.318257e-001	-6.932794e-009	-1.381679e-009
3.740000e+000	-5.633273e-001	-8.262338e-001	-8.262338e-001	-1.073768e-008	-5.186566e-009
3.750000e+000	-5.715613e-001	-8.205593e-001	-8.205594e-001	-1.464382e-008	-3.541592e-009
3.760000e+000	-5.797382e-001	-8.148028e-001	-8.148028e-001	-8.779546e-009	-3.228431e-009
3.770000e+000	-5.878571e-001	-8.089648e-001	-8.089648e-001	-2.580869e-009	-2.580869e-009
3.780000e+000	-5.959172e-001	-8.030459e-001	-8.030459e-001	-2.529469e-009	-2.529469e-009
3.790000e+000	-6.039178e-001	-7.970466e-001	-7.970466e-001	-9.920752e-010	-9.920752e-010
3.800000e+000	-6.118579e-001	-7.909677e-001	-7.909677e-001	-9.467974e-009	-3.916859e-009
3.810000e+000	-6.197368e-001	-7.848097e-001	-7.848097e-001	-1.412009e-008	-8.568978e-009
3.820000e+000	-6.275538e-001	-7.785732e-001	-7.785732e-001	-9.020906e-009	-3.469790e-009
3.830000e+000	-6.353080e-001	-7.722588e-001	-7.722588e-001	-7.193082e-009	-1.641967e-009
3.840000e+000	-6.429987e-001	-7.658672e-001	-7.658672e-001	-7.240434e-009	-7.240434e-009
3.850000e+000	-6.506251e-001	-7.593991e-001	-7.593991e-001	-4.387001e-009	-4.387001e-009
3.860000e+000	-6.581865e-001	-7.528549e-001	-7.528549e-001	-1.261760e-008	-7.066485e-009
3.870000e+000	-6.656820e-001	-7.462355e-001	-7.462355e-001	-9.101989e-009	-9.101989e-009
3.880000e+000	-6.731109e-001	-7.395415e-001	-7.395415e-001	-7.428104e-010	-6.293926e-009
3.890000e+000	-6.804726e-001	-7.327735e-001	-7.327735e-001	-1.300717e-008	-7.456054e-009
3.900000e+000	-6.877662e-001	-7.259323e-001	-7.259323e-001	-1.041851e-009	-1.041851e-009
3.910000e+000	-6.949910e-001	-7.190185e-001	-7.190185e-001	-5.036864e-009	-5.036864e-009
3.920000e+000	-7.021463e-001	-7.120327e-001	-7.120327e-001	-5.828040e-009	-2.769244e-010
3.930000e+000	-7.092314e-001	-7.049758e-001	-7.049758e-001	-1.364573e-008	-8.094618e-009
3.940000e+000	-7.162456e-001	-6.978483e-001	-6.978483e-001	-1.253382e-008	-6.982704e-009
3.950000e+000	-7.231881e-001	-6.906511e-001	-6.906511e-001	-1.579027e-008	-4.688041e-009
3.960000e+000	-7.300584e-001	-6.833848e-001	-6.833848e-001	-1.038474e-008	-4.833624e-009
3.970000e+000	-7.368556e-001	-6.760502e-001	-6.760502e-001	-1.239773e-008	-6.846615e-009
3.980000e+000	-7.435791e-001	-6.686479e-001	-6.686479e-001	-1.143679e-008	-5.885679e-009
3.990000e+000	-7.502283e-001	-6.611788e-001	-6.611788e-001	-1.497210e-008	-3.869870e-009
4.000000e+000	-7.568025e-001	-6.536437e-001	-6.536436e-001	2.945319e-008	1.279985e-008
4.010000e+000	-7.633010e-001	-6.460430e-001	-6.460430e-001	1.150803e-009	-4.400312e-009
4.020000e+000	-7.697231e-001	-6.383779e-001	-6.383779e-001	-5.059285e-009	-5.059285e-009
4.030000e+000	-7.760683e-001	-6.306488e-001	-6.306488e-001	-1.183970e-008	-6.288589e-009
4.040000e+000	-7.823359e-001	-6.228567e-001	-6.228567e-001	-3.827842e-009	-3.827842e-009
4.050000e+000	-7.885253e-001	-6.150024e-001	-6.150024e-001	-5.274158e-009	-5.274158e-009
4.060000e+000	-7.946357e-001	-6.070865e-001	-6.070865e-001	-1.335089e-008	-7.799771e-009
4.070000e+000	-8.006668e-001	-5.991099e-001	-5.991099e-001	-9.175720e-009	-3.624605e-009
4.080000e+000	-8.066177e-001	-5.910734e-001	-5.910734e-001	-1.324381e-008	-7.692694e-009
4.090000e+000	-8.124881e-001	-5.829778e-001	-5.829778e-001	-7.632380e-009	-2.081265e-009
4.100000e+000	-8.182771e-001	-5.748239e-001	-5.748239e-001	-1.363599e-008	-2.533757e-009
4.110000e+000	-8.239843e-001	-5.666126e-001	-5.666126e-001	-1.396994e-008	-2.867714e-009
4.120000e+000	-8.296092e-001	-5.583445e-001	-5.583445e-001	-8.199939e-009	-2.648823e-009
4.130000e+000	-8.351510e-001	-5.500207e-001	-5.500207e-001	-1.265992e-008	-1.557690e-009
4.140000e+000	-8.406094e-001	-5.416418e-001	-5.416418e-001	-4.858270e-009	-4.858270e-009
4.150000e+000	-8.459837e-001	-5.332087e-001	-5.332088e-001	-1.221241e-008	-1.110175e-009
4.160000e+000	-8.512734e-001	-5.247224e-001	-5.247224e-001	-1.204492e-008	-9.426876e-010
4.170000e+000	-8.564780e-001	-5.161836e-001	-5.161836e-001	-9.214861e-009	-3.663746e-009
4.180000e+000	-8.615969e-001	-5.075931e-001	-5.075931e-001	-1.382842e-008	-2.726193e-009
4.190000e+000	-8.666297e-001	-4.989519e-001	-4.989519e-001	-7.846852e-009	-2.295737e-009
4.200000e+000	-8.715758e-001	-4.902608e-001	-4.902608e-001	-1.161393e-008	-5.117029e-010
4.210000e+000	-8.764347e-001	-4.815207e-001	-4.815207e-001	-1.715620e-008	-6.053967e-009
4.220000e+000	-8.812060e-001	-4.727324e-001	-4.727324e-001	-1.030047e-008	-4.749355e-009
4.230000e+000	-8.858892e-001	-4.638969e-001	-4.638969e-001	-1.499540e-008	-3.893167e-009
4.240000e+000	-8.904838e-001	-4.550149e-001	-4.550149e-001	-1.550795e-008	-4.405717e-009
4.250000e+000	-8.949894e-001	-4.460875e-001	-4.460875e-001	-1.184621e-008	-7.439789e-010
4.260000e+000	-8.994054e-001	-4.371154e-001	-4.371154e-001	-8.568348e-009	-3.017233e-009
4.270000e+000	-9.037315e-001	-4.280997e-001	-4.280997e-001	-3.591097e-009	1.960018e-009
4.280000e+000	-9.079673e-001	-4.190411e-001	-4.190411e-001	-1.030450e-008	-4.753387e-009
4.290000e+000	-9.121122e-001	-4.099406e-001	-4.099406e-001	-1.970614e-009	-1.970614e-009
4.300000e+000	-9.161659e-001	-4.007992e-001	-4.007992e-001	-4.507450e-010	-4.507450e-010
4.310000e+000	-9.201281e-001	-3.916176e-001	-3.916176e-001	-9.501086e-009	1.601145e-009
4.320000e+000	-9.239982e-001	-3.823969e-001	-3.823969e-001	-3.579060e-009	-3.579060e-009
4.330000e+000	-9.277759e-001	-3.731380e-001	-3.731380e-001	-5.467124e-009	8.399086e-011
4.340000e+000	-9.314608e-001	-3.638417e-001	-3.638417e-001	-8.464950e-009	-2.913835e-009
4.350000e+000	-9.350526e-001	-3.545091e-001	-3.545091e-001	-9.603525e-009	-4.052410e-009
4.360000e+000	-9.385509e-001	-3.451410e-001	-3.451410e-001	-9.552195e-009	-4.001080e-009
4.370000e+000	-9.419553e-001	-3.357384e-001	-3.357384e-001	-1.423106e-009	-1.423106e-009
4.380000e+000	-9.452655e-001	-3.263022e-001	-3.263022e-001	-3.984217e-009	1.566898e-009
4.390000e+000	-9.484812e-001	-3.168334e-001	-3.168334e-001	-6.054124e-009	-5.030089e-010
4.400000e+000	-9.516021e-001	-3.073329e-001	-3.073329e-001	-1.081662e-008	-5.265505e-009
4.410000e+000	-9.546278e-001	-2.978016e-001	-2.978016e-001	-2.419320e-009	-2.419320e-009
4.420000e+000	-9.575580e-001	-2.882406e-001	-2.882406e-001	-1.389806e-009	-1.389806e-009
4.430000e+000	-9.603925e-001	-2.786508e-001	-2.786508e-001	2.073065e-009	2.073065e-009
4.440000e+000	-9.631309e-001	-2.690331e-001	-2.690331e-001	-7.316384e-009	-1.765269e-009
4.450000e+000	-9.657731e-001	-2.593885e-001	-2.593885e-001	-1.432360e-008	-3.221372e-009
4.460000e+000	-9.683186e-001	-2.497180e-001	-2.497180e-001	-6.404323e-009	-8.532080e-010
4.470000e+000	-9.707673e-001	-2.400224e-001	-2.400225e-001	-6.914813e-009	-1.363697e-009
4.480000e+000	-9.731190e-001	-2.303029e-001	-2.303029e-001	-8.401785e-009	-2.850670e-009
4.490000e+000	-9.753733e-001	-2.205604e-001	-2.205604e-001	-5.812138e-009	-2.610228e-010
4.500000e+000	-9.775301e-001	-2.107958e-001	-2.107958e-001	-7.497992e-009	-1.946876e-009
4.510000e+000	-9.795892e-001	-2.010101e-001	-2.010101e-001	-1.291480e-008	-1.812572e-009
4.520000e+000	-9.815503e-001	-1.912043e-001	-1.912043e-001	-1.252372e-008	-1.421489e-009
4.530000e+000	-9.834132e-001	-1.813794e-001	-1.813794e-001	-9.898190e-009	-4.347075e-009
4.540000e+000	-9.851778e-001	-1.715364e-001	-1.715364e-001	-1.052367e-008	5.785574e-010
4.550000e+000	-9.868439e-001	-1.616762e-001	-1.616762e-001	-1.059716e-008	-5.046045e-009
4.560000e+000	-9.884113e-001	-1.517999e-001	-1.517999e-001	-8.030981e-009	-2.479866e-009
4.570000e+000	-9.898798e-001	-1.419083e-001	-1.419083e-001	-1.345643e-008	-2.354197e-009
4.580000e+000	-9.912494e-001	-1.320026e-001	-1.320026e-001	-5.716077e-009	-1.649619e-010
4.590000e+000	-9.925198e-001	-1.220837e-001	-1.220837e-001	-9.480486e-009	-3.929371e-009
4.600000e+000	-9.936910e-001	-1.121525e-001	-1.121525e-001	-6.331294e-009	-7.801784e-010
4.610000e+000	-9.947628e-001	-1.022102e-001	-1.022102e-001	-1.237765e-008	-1.275417e-009
4.620000e+000	-9.957352e-001	-9.225760e-002	-9.225760e-002	-4.412779e-010	-4.412779e-010
4.630000e+000	-9.966079e-001	-8.229579e-002	-8.229580e-002	-1.097939e-008	1.228449e-010
4.640000e+000	-9.973811e-001	-7.232577e-002	-7.232577e-002	-7.656116e-009	-2.105001e-009
4.650000e+000	-9.980544e-001	-6.234850e-002	-6.234852e-002	-1.046971e-008	6.325165e-010
4.660000e+000	-9.986280e-001	-5.236501e-002	-5.236502e-002	-6.834976e-009	-1.283860e-009
4.670000e+000	-9.991017e-001	-4.237628e-002	-4.237629e-002	-6.994635e-009	-1.443520e-009
4.680000e+000	-9.994755e-001	-3.238331e-002	-3.238332e-002	-1.061284e-008	4.893942e-010
4.690000e+000	-9.997494e-001	-2.238710e-002	-2.238711e-002	-6.675249e-009	-1.124134e-009
4.700000e+000	-9.999233e-001	-1.238866e-002	-1.238866e-002	-6.695832e-009	-1.144716e-009
4.710000e+000	-9.999971e-001	-2.388967e-003	-2.388978e-003	-1.131018e-008	-2.079491e-010
4.720000e+000	-9.999710e-001	7.610956e-003	7.610945e-003	-1.017554e-008	9.266884e-010
4.730000e+000	-9.998449e-001	1.761011e-002	1.761011e-002	-4.075288e-009	1.475827e-009
4.740000e+000	-9.996188e-001	2.760752e-002	2.760751e-002	-4.818910e-009	7.322049e-010
4.750000e+000	-9.992928e-001	3.760215e-002	3.760215e-002	-1.835340e-009	3.715775e-009
4.760000e+000	-9.988668e-001	4.759303e-002	4.759303e-002	4.620330e-009	4.620330e-009
4.770000e+000	-9.983409e-001	5.757916e-002	5.757916e-002	-7.535438e-009	-1.984323e-009
4.780000e+000	-9.977152e-001	6.755952e-002	6.755952e-002	-4.399108e-009	1.152008e-009
4.790000e+000	-9.969898e-001	7.753312e-002	7.753312e-002	4.099718e-009	4.099718e-009
4.800000e+000	-9.961646e-001	8.749900e-002	8.749899e-002	-1.349744e-008	-2.395211e-009
4.810000e+000	-9.952398e-001	9.745609e-002	9.745609e-002	9.440963e-010	9.440963e-010
4.820000e+000	-9.942155e-001	1.074035e-001	1.074034e-001	-4.588316e-009	9.627989e-010
4.830000e+000	-9.930918e-001	1.173401e-001	1.173401e-001	-3.417169e-009	2.133946e-009
4.840000e+000	-9.918688e-001	1.272650e-001	1.272649e-001	-1.097626e-009	4.453489e-009
4.850000e+000	-9.905465e-001	1.371771e-001	1.371771e-001	-2.011470e-009	3.539645e-009
4.860000e+000	-9.891253e-001	1.470756e-001	1.470756e-001	-9.267856e-009	1.834374e-009
4.870000e+000	-9.876051e-001	1.569593e-001	1.569593e-001	-2.399730e-009	3.151385e-009
4.880000e+000	-9.859861e-001	1.668273e-001	1.668273e-001	-3.878229e-009	1.672886e-009
4.890000e+000	-9.842686e-001	1.766787e-001	1.766787e-001	-1.298230e-009	-1.298230e-009
4.900000e+000	-9.824526e-001	1.865124e-001	1.865124e-001	-2.790827e-009	2.760288e-009
4.910000e+000	-9.805384e-001	1.963274e-001	1.963274e-001	-3.618126e-009	-3.618126e-009
4.920000e+000	-9.785261e-001	2.061228e-001	2.061228e-001	2.822859e-009	2.822859e-009
4.930000e+000	-9.764160e-001	2.158976e-001	2.158976e-001	-8.208334e-009	-2.657218e-009
4.940000e+000	-9.742082e-001	2.256508e-001	2.256508e-001	-3.879822e-009	1.671293e-009
4.950000e+000	-9.719031e-001	2.353814e-001	2.353814e-001	-4.711936e-009	8.391793e-010
4.960000e+000	-9.695007e-001	2.450885e-001	2.450885e-001	-6.764072e-009	4.338158e-009
4.970000e+000	-9.670014e-001	2.547711e-001	2.547711e-001	-3.741854e-009	1.809261e-009
4.980000e+000	-9.644054e-001	2.644282e-001	2.644282e-001	1.997710e-009	1.997710e-009
4.990000e+000	-9.617129e-001	2.740589e-001	2.740589e-001	-4.569504e-010	5.094165e-009
5.000000e+000	-9.589243e-001	2.836622e-001	2.836622e-001	-8.270936e-009	-2.719820e-009
5.010000e+000	-9.560398e-001	2.932371e-001	2.932371e-001	-4.766573e-009	7.845419e-010
5.020000e+000	-9.530596e-001	3.027827e-001	3.027827e-001	-3.736307e-009	1.814808e-009
5.030000e+000	-9.499842e-001	3.122980e-001	3.122980e-001	-4.938028e-009	6.130869e-010
5.040000e+000	-9.468138e-001	3.217820e-001	3.217820e-001	6.000378e-009	6.000378e-009
5.050000e+000	-9.435487e-001	3.312339e-001	3.312339e-001	2.165034e-009	2.165034e-009
5.060000e+000	-9.401892e-001	3.406527e-001	3.406527e-001	4.268748e-009	4.268748e-009
5.070000e+000	-9.367357e-001	3.500374e-001	3.500374e-001	-8.072307e-009	3.029923e-009
5.080000e+000	-9.331886e-001	3.593871e-001	3.593871e-001	3.675662e-009	3.675662e-009
5.090000e+000	-9.295481e-001	3.687009e-001	3.687008e-001	-7.271077e-009	3.831153e-009
5.100000e+000	-9.258147e-001	3.779777e-001	3.779777e-001	-6.386835e-009	4.715395e-009
5.110000e+000	-9.219887e-001	3.872168e-001	3.872168e-001	-1.097013e-008	1.321051e-010
5.120000e+000	-9.180705e-001	3.964172e-001	3.964172e-001	-1.233057e-009	4.318058e-009
5.130000e+000	-9.140605e-001	4.055779e-001	4.055779e-001	-9.026787e-009	2.075443e-009
5.140000e+000	-9.099591e-001	4.146981e-001	4.146981e-001	-6.727215e-009	4.375016e-009
5.150000e+000	-9.057666e-001	4.237768e-001	4.237768e-001	4.038783e-009	4.038783e-009
5.160000e+000	-9.014837e-001	4.328131e-001	4.328131e-001	3.586778e-009	3.586778e-009
5.170000e+000	-8.971105e-001	4.418062e-001	4.418062e-001	-1.325498e-009	-1.325498e-009
5.180000e+000	-8.926477e-001	4.507551e-001	4.507550e-001	3.877466e-010	5.938862e-009
5.190000e+000	-8.880956e-001	4.596588e-001	4.596588e-001	2.025830e-009	2.025830e-009
5.200000e+000	-8.834547e-001	4.685167e-001	4.685167e-001	-9.706685e-009	1.395546e-009
5.210000e+000	-8.787254e-001	4.773276e-001	4.773276e-001	9.001998e-010	6.451315e-009
5.220000e+000	-8.739083e-001	4.860909e-001	4.860909e-001	-3.474043e-009	2.077072e-009
5.230000e+000	-8.690037e-001	4.948055e-001	4.948055e-001	1.344073e-010	5.685522e-009
5.240000e+000	-8.640123e-001	5.034707e-001	5.034707e-001	-4.858720e-009	6.923956e-010
5.250000e+000	-8.589345e-001	5.120855e-001	5.120855e-001	-7.885262e-009	3.216968e-009
5.260000e+000	-8.537708e-001	5.206491e-001	5.206491e-001	-4.444667e-009	1.106448e-009
5.270000e+000	-8.485217e-001	5.291606e-001	5.291606e-001	3.982160e-009	3.982160e-009
5.280000e+000	-8.431877e-001	5.376192e-001	5.376192e-001	-1.083744e-009	4.467371e-009
5.290000e+000	-8.377695e-001	5.460241e-001	5.460241e-001	4.768653e-010	4.768653e-010
5.300000e+000	-8.322674e-001	5.543743e-001	5.543743e-001	-1.024958e-008	8.526464e-010
5.310000e+000	-8.266822e-001	5.626691e-001	5.626691e-001	8.794636e-009	8.794636e-009
5.320000e+000	-8.210142e-001	5.709077e-001	5.709077e-001	5.290833e-009	5.290833e-009
5.330000e+000	-8.152642e-001	5.790892e-001	5.790892e-001	-8.397074e-010	4.711408e-009
5.340000e+000	-8.094327e-001	5.872127e-001	5.872127e-001	-6.171178e-009	-6.200628e-010
5.350000e+000	-8.035202e-001	5.952775e-001	5.952775e-001	-1.486975e-009	4.064140e-009
5.360000e+000	-7.975273e-001	6.032829e-001	6.032829e-001	-5.005158e-009	5.459566e-010
5.370000e+000	-7.914547e-001	6.112278e-001	6.112278e-001	4.315581e-009	4.315581e-009
5.380000e+000	-7.853030e-001	6.191117e-001	6.191117e-001	-1.961872e-009	3.589243e-009
5.390000e+000	-7.790727e-001	6.269336e-001	6.269336e-001	-1.753535e-009	3.797580e-009
5.400000e+000	-7.727645e-001	6.346929e-001	6.346929e-001	-9.110256e-011	5.460013e-009
5.410000e+000	-7.663790e-001	6.423887e-001	6.423887e-001	-6.839268e-009	4.262962e-009
5.420000e+000	-7.599169e-001	6.500202e-001	6.500202e-001	-3.311440e-009	2.239675e-009
5.430000e+000	-7.533788e-001	6.575867e-001	6.575867e-001	2.296059e-009	2.296059e-009
5.440000e+000	-7.467654e-001	6.650875e-001	6.650875e-001	8.287002e-009	8.287002e-009
5.450000e+000	-7.400773e-001	6.725218e-001	6.725218e-001	-2.663539e-009	2.887576e-009
5.460000e+000	-7.333152e-001	6.798888e-001	6.798888e-001	-7.923041e-009	3.179189e-009
5.470000e+000	-7.264798e-001	6.871879e-001	6.871879e-001	-3.383321e-010	5.212783e-009
5.480000e+000	-7.195717e-001	6.944182e-001	6.944182e-001	7.358423e-010	7.358423e-010
5.490000e+000	-7.125916e-001	7.015791e-001	7.015791e-001	5.020962e-009	5.020962e-009
5.500000e+000	-7.055403e-001	7.086698e-001	7.086698e-001	-4.124119e-009	1.426996e-009
5.510000e+000	-6.984185e-001	7.156896e-001	7.156896e-001	-3.018180e-009	2.532935e-009
5.520000e+000	-6.912268e-001	7.226379e-001	7.226379e-001	5.799886e-009	5.799886e-009
5.530000e+000	-6.839660e-001	7.295139e-001	7.295139e-001	4.743503e-009	4.743503e-009
5.540000e+000	-6.766367e-001	7.363170e-001	7.363170e-001	5.656817e-009	5.656817e-009
5.550000e+000	-6.692399e-001	7.430464e-001	7.430464e-001	-5.627704e-009	5.474526e-009
5.560000e+000	-6.617761e-001	7.497016e-001	7.497016e-001	-2.607849e-009	2.943266e-009
5.570000e+000	-6.542461e-001	7.562817e-001	7.562817e-001	4.240009e-009	9.791124e-009
5.580000e+000	-6.466507e-001	7.627863e-001	7.627863e-001	8.341590e-010	6.385274e-009
5.590000e+000	-6.389906e-001	7.692145e-001	7.692145e-001	2.860043e-009	8.411158e-009
5.600000e+000	-6.312666e-001	7.755659e-001	7.755659e-001	3.241449e-010	5.875260e-009
5.610000e+000	-6.234795e-001	7.818397e-001	7.818397e-001	2.027199e-009	2.027199e-009
5.620000e+000	-6.156301e-001	7.880353e-001	7.880353e-001	2.321008e-009	2.321008e-009
5.630000e+000	-6.077191e-001	7.941521e-001	7.941521e-001	3.375640e-009	3.375640e-009
5.640000e+000	-5.997473e-001	8.001894e-001	8.001894e-001	4.139153e-009	9.690268e-009
5.650000e+000	-5.917156e-001	8.061468e-001	8.061468e-001	3.987668e-010	5.949882e-009
5.660000e+000	-5.836247e-001	8.120235e-001	8.120235e-001	7.045689e-009	7.045689e-009
5.670000e+000	-5.754754e-001	8.178191e-001	8.178191e-001	2.623541e-009	2.623541e-009
5.680000e+000	-5.672686e-001	8.235329e-001	8.235329e-001	-3.999494e-009	1.551621e-009
5.690000e+000	-5.590050e-001	8.291643e-001	8.291643e-001	4.222819e-009	4.222819e-009
5.700000e+000	-5.506855e-001	8.347128e-001	8.347128e-001	8.162990e-009	8.162990e-009
5.710000e+000	-5.423110e-001	8.401778e-001	8.401778e-001	8.087259e-009	8.087259e-009
5.720000e+000	-5.338823e-001	8.455588e-001	8.455588e-001	1.506629e-009	1.506629e-009
5.730000e+000	-5.254001e-001	8.508553e-001	8.508553e-001	-5.666263e-009	5.435967e-009
5.740000e+000	-5.168654e-001	8.560667e-001	8.560666e-001	9.366705e-010	6.487786e-009
5.750000e+000	-5.082791e-001	8.611924e-001	8.611924e-001	-2.169946e-010	5.334120e-009
5.760000e+000	-4.996419e-001	8.662321e-001	8.662321e-001	1.053022e-010	2.880860e-009
5.770000e+000	-4.909547e-001	8.711851e-001	8.711851e-001	3.094557e-009	5.870114e-009
5.780000e+000	-4.822185e-001	8.760510e-001	8.760510e-001	1.950596e-009	4.726154e-009
5.790000e+000	-4.734340e-001	8.808293e-001	8.808293e-001	4.136068e-009	6.911625e-009
5.800000e+000	-4.646022e-001	8.855195e-001	8.855195e-001	3.669522e-009	6.445080e-009
5.810000e+000	-4.557239e-001	8.901212e-001	8.901212e-001	3.377658e-009	6.153215e-009
5.820000e+000	-4.468001e-001	8.946338e-001	8.946338e-001	3.839988e-009	6.615545e-009
5.830000e+000	-4.378315e-001	8.990570e-001	8.990570e-001	3.434861e-009	6.210419e-009
5.840000e+000	-4.288192e-001	9.033903e-001	9.033903e-001	3.935699e-009	6.711256e-009
5.850000e+000	-4.197640e-001	9.076333e-001	9.076333e-001	5.004114e-009	5.004114e-009
5.860000e+000	-4.106668e-001	9.117855e-001	9.117855e-001	4.233240e-009	4.233240e-009
5.870000e+000	-4.015286e-001	9.158465e-001	9.158465e-001	2.741280e-009	5.516837e-009
5.880000e+000	-3.923502e-001	9.198159e-001	9.198159e-001	5.213021e-009	5.213021e-009
5.890000e+000	-3.831326e-001	9.236933e-001	9.236933e-001	3.287105e-009	3.287105e-009
5.900000e+000	-3.738767e-001	9.274784e-001	9.274784e-001	3.351291e-009	6.126849e-009
5.910000e+000	-3.645833e-001	9.311708e-001	9.311708e-001	4.376777e-009	4.376777e-009
5.920000e+000	-3.552536e-001	9.347700e-001	9.347700e-001	3.507157e-009	3.507157e-009
5.930000e+000	-3.458883e-001	9.382757e-001	9.382757e-001	7.197578e-009	7.197578e-009
5.940000e+000	-3.364884e-001	9.416876e-001	9.416876e-001	9.046271e-009	6.270713e-009
5.950000e+000	-3.270548e-001	9.450054e-001	9.450054e-001	6.482953e-009	6.482953e-009
5.960000e+000	-3.175886e-001	9.482286e-001	9.482286e-001	6.354059e-009	6.354059e-009
5.970000e+000	-3.080906e-001	9.513570e-001	9.513570e-001	2.751461e-009	5.527019e-009
5.980000e+000	-2.985617e-001	9.543903e-001	9.543903e-001	-7.508406e-010	4.800275e-009
5.990000e+000	-2.890031e-001	9.573282e-001	9.573282e-001	3.383450e-009	3.383450e-009
6.000000e+000	-2.794155e-001	9.601703e-001	9.601703e-001	4.478796e-009	4.478796e-009
6.010000e+000	-2.698000e-001	9.629164e-001	9.629164e-001	6.983902e-009	6.983902e-009
6.020000e+000	-2.601575e-001	9.655662e-001	9.655662e-001	8.295667e-009	8.295667e-009
6.030000e+000	-2.504890e-001	9.681194e-001	9.681194e-001	4.337762e-009	4.337762e-009
6.040000e+000	-2.407954e-001	9.705759e-001	9.705759e-001	6.240477e-009	6.240477e-009
6.050000e+000	-2.310778e-001	9.729353e-001	9.729353e-001	4.284002e-009	5.671781e-009
6.060000e+000	-2.213370e-001	9.751974e-001	9.751974e-001	6.780794e-009	6.780794e-009
6.070000e+000	-2.115742e-001	9.773619e-001	9.773619e-001	6.792485e-009	6.792485e-009
6.080000e+000	-2.017901e-001	9.794288e-001	9.794288e-001	4.356959e-009	5.744738e-009
6.090000e+000	-1.919859e-001	9.813977e-001	9.813977e-001	6.510002e-009	6.510002e-009
6.100000e+000	-1.821625e-001	9.832684e-001	9.832684e-001	5.101502e-009	6.489281e-009
6.110000e+000	-1.723209e-001	9.850409e-001	9.850409e-001	4.570722e-009	5.958501e-009
6.120000e+000	-1.624620e-001	9.867148e-001	9.867148e-001	5.311655e-009	5.311655e-009
6.130000e+000	-1.525869e-001	9.882901e-001	9.882901e-001	3.690752e-009	5.078530e-009
6.140000e+000	-1.426965e-001	9.897665e-001	9.897665e-001	3.165889e-009	5.941447e-009
6.150000e+000	-1.327919e-001	9.911439e-001	9.911439e-001	5.975449e-009	5.975449e-009
6.160000e+000	-1.228740e-001	9.924223e-001	9.924223e-001	4.826411e-009	6.214190e-009
6.170000e+000	-1.129438e-001	9.936014e-001	9.936014e-001	6.500365e-009	6.500365e-009
6.180000e+000	-1.030023e-001	9.946811e-001	9.946811e-001	5.498497e-009	6.192387e-009
6.190000e+000	-9.305050e-002	9.956614e-001	9.956614e-001	6.257843e-009	6.257843e-009
6.200000e+000	-8.308940e-002	9.965421e-001	9.965421e-001	6.508736e-009	6.508736e-009
6.210000e+000	-7.311999e-002	9.973231e-001	9.973231e-001	6.999067e-009	6.305177e-009
6.220000e+000	-6.314327e-002	9.980045e-001	9.980045e-001	5.951969e-009	5.951969e-009
6.230000e+000	-5.316024e-002	9.985860e-001	9.985860e-001	6.012528e-009	6.012528e-009
6.240000e+000	-4.317189e-002	9.990677e-001	9.990677e-001	5.927920e-009	5.927920e-009
6.250000e+000	-3.317922e-002	9.994494e-001	9.994494e-001	6.104340e-009	6.104340e-009
6.260000e+000	-2.318323e-002	9.997312e-001	9.997312e-001	6.183209e-009	6.183209e-009
6.270000e+000	-1.318493e-002	9.999131e-001	9.999131e-001	5.912353e-009	6.085825e-009
6.280000e+000	-3.185302e-003	9.999949e-001	9.999949e-001	6.059547e-009	6.081231e-009
