theta_zero	h=0.1	h=0.01	h=0.001	h=0.0001	h=0.00001	T
0.100000	2.044664	2.019090	2.007155	2.007326	
0.110000	2.044937	2.019357	2.007419	2.007590	
0.120000	2.045237	2.019649	2.007708	2.007878	
0.130000	2.045563	2.019967	2.008022	2.008192	
0.140000	2.045915	2.020310	2.008361	2.008532	
0.150000	2.046293	2.020679	2.008725	2.008896	
0.160000	2.046697	2.021073	2.009115	2.009286	
0.170000	2.047127	2.021493	2.009530	2.009701	
0.180000	2.047584	2.021938	2.009970	2.010141	
0.190000	2.048067	2.022410	2.010436	2.010607	
0.200000	2.048577	2.022906	2.010927	2.011098	
0.210000	2.049113	2.023429	2.011443	2.011615	
0.220000	2.049675	2.023977	2.011985	2.012157	
0.230000	2.050264	2.024552	2.012553	2.012724	
0.240000	2.050879	2.025152	2.013146	2.013317	
0.250000	2.051521	2.025778	2.013764	2.013936	
0.260000	2.052189	2.026429	2.014408	2.014580	
0.270000	2.052884	2.027107	2.015078	2.015250	
0.280000	2.053606	2.027811	2.015774	2.015946	
0.290000	2.054354	2.028541	2.016495	2.016667	
0.300000	2.055129	2.029297	2.017242	2.017414	
0.310000	2.055931	2.030079	2.018015	2.018187	
0.320000	2.056760	2.030887	2.018814	2.018986	
0.330000	2.057616	2.031722	2.019638	2.019811	
0.340000	2.058499	2.032583	2.020489	2.020662	
0.350000	2.059409	2.033471	2.021366	2.021539	
0.360000	2.060346	2.034385	2.022269	2.022442	
0.370000	2.061311	2.035325	2.023198	2.023372	
0.380000	2.062303	2.036292	2.024154	2.024327	
0.390000	2.063322	2.037286	2.025136	2.025309	
0.400000	2.064368	2.038306	2.026144	2.026318	
0.410000	2.065442	2.039354	2.027179	2.027353	
0.420000	2.066544	2.040428	2.028240	2.028414	
0.430000	2.067674	2.041529	2.029328	2.029503	
0.440000	2.068831	2.042657	2.030443	2.030618	
0.450000	2.070016	2.043812	2.031585	2.031759	
0.460000	2.071229	2.044995	2.032753	2.032928	
0.470000	2.072470	2.046205	2.033948	2.034123	
0.480000	2.073739	2.047442	2.035171	2.035346	
0.490000	2.075036	2.048707	2.036420	2.036596	
0.500000	2.076361	2.049999	2.037697	2.037873	
0.510000	2.077716	2.051319	2.039001	2.039177	
0.520000	2.079098	2.052667	2.040333	2.040509	
0.530000	2.080509	2.054042	2.041692	2.041868	
0.540000	2.081949	2.055446	2.043078	2.043255	
0.550000	2.083418	2.056877	2.044492	2.044669	
0.560000	2.084915	2.058337	2.045935	2.046112	
0.570000	2.086442	2.059825	2.047405	2.047582	
0.580000	2.087998	2.061342	2.048903	2.049080	
0.590000	2.089583	2.062887	2.050429	2.050607	
0.600000	2.091198	2.064460	2.051983	2.052162	
0.610000	2.092842	2.066063	2.053566	2.053745	
0.620000	2.094516	2.067694	2.055177	2.055356	
0.630000	2.096219	2.069354	2.056817	2.056996	
0.640000	2.097953	2.071043	2.058486	2.058665	
0.650000	2.099716	2.072762	2.060184	2.060363	
0.660000	2.101510	2.074509	2.061910	2.062090	
0.670000	2.103334	2.076287	2.063666	2.063846	
0.680000	2.105189	2.078094	2.065450	2.065631	
0.690000	2.107074	2.079931	2.067265	2.067446	
0.700000	2.108990	2.081797	2.069108	2.069290	
0.710000	2.110936	2.083694	2.070982	2.071163	
0.720000	2.112914	2.085621	2.072885	2.073067	
0.730000	2.114924	2.087578	2.074818	2.075000	
0.740000	2.116964	2.089566	2.076781	2.076964	
0.750000	2.119036	2.091585	2.078775	2.078958	
0.760000	2.121140	2.093634	2.080799	2.080982	
0.770000	2.123276	2.095714	2.082853	2.083037	
0.780000	2.125444	2.097826	2.084938	2.085122	
0.790000	2.127644	2.099968	2.087054	2.087239	
0.800000	2.129876	2.102143	2.089201	2.089386	
0.810000	2.132141	2.104348	2.091380	2.091565	
0.820000	2.134439	2.106586	2.093589	2.093775	
0.830000	2.136770	2.108856	2.095831	2.096017	
0.840000	2.139134	2.111158	2.098104	2.098290	
0.850000	2.141531	2.113492	2.100409	2.100596	
0.860000	2.143962	2.115859	2.102746	2.102933	
0.870000	2.146427	2.118259	2.105115	2.105303	
0.880000	2.148926	2.120691	2.107517	2.107705	
0.890000	2.151458	2.123157	2.109952	2.110140	
0.900000	2.154026	2.125656	2.112419	2.112608	
0.910000	2.156628	2.128189	2.114920	2.115109	
0.920000	2.159264	2.130756	2.117453	2.117643	
0.930000	2.161936	2.133356	2.120021	2.120211	
0.940000	2.164643	2.135991	2.122622	2.122813	
0.950000	2.167386	2.138660	2.125257	2.125448	
0.960000	2.170164	2.141364	2.127926	2.128118	
0.970000	2.172979	2.144103	2.130630	2.130822	
0.980000	2.175829	2.146877	2.133368	2.133561	
0.990000	2.178717	2.149686	2.136141	2.136334	
1.000000	2.181641	2.152531	2.138949	2.139143	
1.010000	2.184602	2.155412	2.141792	2.141987	
1.020000	2.187600	2.158329	2.144671	2.144866	
1.030000	2.190636	2.161282	2.147586	2.147782	
1.040000	2.193710	2.164272	2.150537	2.150733	
1.050000	2.196821	2.167299	2.153524	2.153721	
1.060000	2.199972	2.170363	2.156548	2.156745	
1.070000	2.203161	2.173464	2.159609	2.159807	
1.080000	2.206388	2.176604	2.162707	2.162905	
1.090000	2.209656	2.179781	2.165842	2.166041	
1.100000	2.212962	2.182996	2.169015	2.169214	
1.110000	2.216309	2.186250	2.172226	2.172426	
1.120000	2.219696	2.189543	2.175475	2.175676	
1.130000	2.223124	2.192875	2.178762	2.178964	
1.140000	2.226592	2.196247	2.182089	2.182291	
1.150000	2.230101	2.199658	2.185455	2.185658	
1.160000	2.233652	2.203110	2.188860	2.189063	
1.170000	2.237245	2.206602	2.192305	2.192509	
1.180000	2.240880	2.210135	2.195790	2.195995	
1.190000	2.244558	2.213709	2.199316	2.199521	
1.200000	2.248279	2.217324	2.202882	2.203088	
1.210000	2.252043	2.220981	2.206489	2.206696	
1.220000	2.255851	2.224681	2.210138	2.210346	
1.230000	2.259702	2.228423	2.213829	2.214038	
1.240000	2.263599	2.232207	2.217562	2.217771	
1.250000	2.267540	2.236036	2.221338	2.221547	
1.260000	2.271526	2.239907	2.225156	2.225367	
1.270000	2.275558	2.243823	2.229018	2.229229	
1.280000	2.279637	2.247783	2.232923	2.233135	
1.290000	2.283761	2.251789	2.236872	2.237085	
1.300000	2.287933	2.255839	2.240866	2.241080	
1.310000	2.292152	2.259935	2.244905	2.245120	
1.320000	2.296419	2.264077	2.248989	2.249204	
1.330000	2.300734	2.268266	2.253119	2.253335	
1.340000	2.305098	2.272501	2.257294	2.257512	
1.350000	2.309512	2.276784	2.261517	2.261735	
1.360000	2.313975	2.281115	2.265786	2.266005	
1.370000	2.318488	2.285495	2.270103	2.270323	
1.380000	2.323052	2.289923	2.274468	2.274688	
1.390000	2.327667	2.294400	2.278881	2.279103	
1.400000	2.332334	2.298927	2.283343	2.283565	
1.410000	2.337054	2.303505	2.287854	2.288078	
1.420000	2.341826	2.308133	2.292415	2.292640	
1.430000	2.346652	2.312812	2.297027	2.297252	
1.440000	2.351531	2.317544	2.301689	2.301915	
1.450000	2.356465	2.322327	2.306403	2.306630	
1.460000	2.361455	2.327164	2.311168	2.311397	
1.470000	2.366500	2.332054	2.315986	2.316216	
1.480000	2.371601	2.336998	2.320857	2.321088	
1.490000	2.376759	2.341997	2.325782	2.326013	
1.500000	2.381975	2.347051	2.330760	2.330993	
1.510000	2.387249	2.352161	2.335794	2.336028	
1.520000	2.392582	2.357327	2.340883	2.341117	
1.530000	2.397974	2.362550	2.346027	2.346263	
1.540000	2.403427	2.367832	2.351228	2.351465	
1.550000	2.408941	2.373171	2.356487	2.356725	
1.560000	2.414516	2.378569	2.361803	2.362042	
1.570000	2.420153	2.384027	2.367177	2.367418	
1.580000	2.425854	2.389546	2.372611	2.372853	
1.590000	2.431619	2.395126	2.378104	2.378348	
1.600000	2.437448	2.400767	2.383658	2.383903	
1.610000	2.443343	2.406471	2.389274	2.389519	
1.620000	2.449304	2.412238	2.394951	2.395198	
1.630000	2.455331	2.418069	2.400691	2.400939	
1.640000	2.461427	2.423966	2.406494	2.406743	
1.650000	2.467592	2.429927	2.412361	2.412612	
1.660000	2.473826	2.435956	2.418294	2.418546	
1.670000	2.480131	2.442051	2.424292	2.424546	
1.680000	2.486507	2.448215	2.430357	2.430612	
1.690000	2.492955	2.454447	2.436489	2.436745	
1.700000	2.499477	2.460750	2.442689	2.442947	
1.710000	2.506073	2.467123	2.448959	2.449219	
1.720000	2.512744	2.473568	2.455299	2.455560	
1.730000	2.519492	2.480086	2.461709	2.461972	
1.740000	2.526316	2.486677	2.468192	2.468456	
1.750000	2.533220	2.493343	2.474747	2.475013	
1.760000	2.540202	2.500084	2.481376	2.481644	
1.770000	2.547266	2.506902	2.488080	2.488349	
1.780000	2.554411	2.513798	2.494860	2.495131	
1.790000	2.561639	2.520772	2.501717	2.501989	
1.800000	2.568951	2.527827	2.508651	2.508925	
1.810000	2.576348	2.534962	2.515665	2.515940	
1.820000	2.583832	2.542179	2.522758	2.523036	
1.830000	2.591403	2.549480	2.529933	2.530212	
1.840000	2.599064	2.556865	2.537190	2.537471	
1.850000	2.606815	2.564336	2.544531	2.544814	
1.860000	2.614658	2.571894	2.551956	2.552241	
1.870000	2.622595	2.579540	2.559467	2.559754	
1.880000	2.630626	2.587276	2.567066	2.567355	
1.890000	2.638753	2.595103	2.574753	2.575044	
1.900000	2.646977	2.603022	2.582531	2.582823	
1.910000	2.655301	2.611035	2.590399	2.590694	
1.920000	2.663726	2.619143	2.598360	2.598657	
1.930000	2.672254	2.627348	2.606415	2.606714	
1.940000	2.680885	2.635652	2.614566	2.614867	
1.950000	2.689622	2.644055	2.622814	2.623117	
1.960000	2.698467	2.652559	2.631160	2.631466	
1.970000	2.707421	2.661167	2.639607	2.639915	
1.980000	2.716487	2.669879	2.648155	2.648466	
1.990000	2.725665	2.678698	2.656807	2.657120	
2.000000	2.734959	2.687626	2.665564	2.665880	
2.010000	2.744370	2.696663	2.674429	2.674746	
2.020000	2.753900	2.705813	2.683401	2.683721	
2.030000	2.763552	2.715076	2.692485	2.692807	
2.040000	2.773327	2.724456	2.701681	2.702006	
2.050000	2.783228	2.733953	2.710991	2.711319	
2.060000	2.793257	2.743571	2.720418	2.720748	
2.070000	2.803416	2.753311	2.729963	2.730296	
2.080000	2.813709	2.763175	2.739629	2.739965	
2.090000	2.824136	2.773166	2.749417	2.749756	
2.100000	2.834702	2.783286	2.759331	2.759673	
2.110000	2.845409	2.793538	2.769371	2.769717	
2.120000	2.856259	2.803924	2.779542	2.779890	
2.130000	2.867256	2.814446	2.789845	2.790196	
2.140000	2.878401	2.825108	2.800282	2.800637	
2.150000	2.889700	2.835912	2.810856	2.811214	
2.160000	2.901153	2.846860	2.821571	2.821932	
2.170000	2.912765	2.857956	2.832428	2.832792	
2.180000	2.924539	2.869203	2.843430	2.843798	
2.190000	2.936479	2.880603	2.854581	2.854952	
2.200000	2.948587	2.892161	2.865883	2.866258	
2.210000	2.960869	2.903878	2.877339	2.877718	
2.220000	2.973326	2.915759	2.888953	2.889336	
2.230000	2.985964	2.927807	2.900728	2.901115	
2.240000	2.998787	2.940026	2.912667	2.913058	
2.250000	3.011798	2.952419	2.924775	2.925169	
2.260000	3.025002	2.964990	2.937053	2.937452	
2.270000	3.038403	2.977744	2.949507	2.949911	
2.280000	3.052007	2.990684	2.962140	2.962548	
2.290000	3.065817	3.003815	2.974957	2.975369	
2.300000	3.079840	3.017141	2.987961	2.988377	
2.310000	3.094080	3.030666	3.001156	3.001578	
2.320000	3.108542	3.044396	3.014548	3.014974	
2.330000	3.123233	3.058336	3.028140	3.028571	
2.340000	3.138158	3.072489	3.041938	3.042374	
2.350000	3.153323	3.086863	3.055947	3.056388	
2.360000	3.168735	3.101462	3.070171	3.070618	
2.370000	3.184400	3.116293	3.084616	3.085069	
2.380000	3.200324	3.131360	3.099289	3.099747	
2.390000	3.216516	3.146671	3.114193	3.114657	
2.400000	3.232983	3.162231	3.129336	3.129806	
2.410000	3.249731	3.178048	3.144724	3.145201	
2.420000	3.266771	3.194129	3.160364	3.160846	
2.430000	3.284109	3.210480	3.176261	3.176750	
2.440000	3.301754	3.227110	3.192424	3.192920	
2.450000	3.319717	3.244026	3.208859	3.209362	
2.460000	3.338007	3.261237	3.225575	3.226085	
2.470000	3.356633	3.278752	3.242579	3.243096	
2.480000	3.375607	3.296579	3.259880	3.260404	
2.490000	3.394939	3.314728	3.277486	3.278018	
2.500000	3.414642	3.333209	3.295407	3.295947	
2.510000	3.434728	3.352032	3.313652	3.314201	
2.520000	3.455209	3.371209	3.332232	3.332789	
2.530000	3.476099	3.390751	3.351157	3.351723	
2.540000	3.497413	3.410669	3.370438	3.371012	
2.550000	3.519166	3.430977	3.390086	3.390670	
2.560000	3.541373	3.451688	3.410114	3.410708	
2.570000	3.564051	3.472816	3.430536	3.431140	
2.580000	3.587218	3.494376	3.451363	3.451977	
2.590000	3.610894	3.516383	3.472611	3.473236	
2.600000	3.635097	3.538854	3.494294	3.494930	
2.610000	3.659849	3.561807	3.516428	3.517077	
2.620000	3.685173	3.585259	3.539031	3.539692	
2.630000	3.711092	3.609231	3.562120	3.562793	
2.640000	3.737631	3.633743	3.585713	3.586399	
2.650000	3.764818	3.658817	3.609830	3.610530	
2.660000	3.792681	3.684477	3.634493	3.635207	
2.670000	3.821250	3.710747	3.659724	3.660453	
2.680000	3.850560	3.737655	3.685547	3.686291	
2.690000	3.880643	3.765229	3.711987	3.712747	
2.700000	3.911539	3.793498	3.739071	3.739849	
2.710000	3.943287	3.822496	3.766828	3.767624	
2.720000	3.975930	3.852258	3.795290	3.796104	
2.730000	4.009516	3.882821	3.824489	3.825322	
2.740000	4.044093	3.914225	3.854461	3.855314	
2.750000	4.079717	3.946514	3.885244	3.886119	
2.760000	4.116444	3.979735	3.916879	3.917777	
2.770000	4.154339	4.013939	3.949412	3.950334	
2.780000	4.193469	4.049181	3.982889	3.983836	
2.790000	4.233909	4.085521	4.017364	4.018338	
2.800000	4.275738	4.123025	4.052893	4.053895	
2.810000	4.319045	4.161765	4.089538	4.090570	
2.820000	4.363924	4.201818	4.127366	4.128429	
2.830000	4.410479	4.243272	4.166450	4.167547	
2.840000	4.458823	4.286221	4.206872	4.208005	
2.850000	4.509081	4.330771	4.248720	4.249892	
2.860000	4.561389	4.377038	4.292094	4.293307	
2.870000	4.615896	4.425152	4.337101	4.338358	
2.880000	4.672765	4.475260	4.383862	4.385168	
2.890000	4.732178	4.527525	4.432514	4.433872	
2.900000	4.794333	4.582132	4.483208	4.484621	
2.910000	4.859452	4.639290	4.536114	4.537588	
2.920000	4.927778	4.699239	4.591427	4.592967	
2.930000	4.999583	4.762253	4.649365	4.650978	
2.940000	5.075170	4.828650	4.710181	4.711874	
2.950000	5.154881	4.898800	4.774166	4.775946	
2.960000	5.239102	4.973135	4.841656	4.843534	
2.970000	5.328273	5.052168	4.913045	4.915032	
2.980000	5.422906	5.136513	4.988799	4.990908	
2.990000	5.523604	5.226912	5.069470	5.071719	
3.000000	5.631097	5.324272	5.155726	5.158133	
3.010000	5.746294	5.429721	5.248380	5.250970	
3.020000	5.870367	5.544681	5.348438	5.351240	
3.030000	6.004896	5.670986	5.457163	5.460217	
3.040000	6.152101	5.811045	5.576177	5.579531	
3.050000	6.315253	5.968121	5.707601	5.711321	
3.060000	6.499412	6.146771	5.854296	5.858471	
3.070000	6.712799	6.353628	6.020239	6.024997	
3.080000	6.969546	6.598864	6.211207	6.216738	
3.090000	7.295643	6.899204	6.436048	6.442651	
3.100000	7.743450	7.284975	6.709341	6.717533	
3.110000	8.433687	7.819926	7.057753	7.068540	
3.120000	9.713830	8.674921	7.538705	7.554499	
3.130000	13.135732	10.583443	8.319545	8.349067	
3.140000	59.257737	27.539033	10.672738	10.889092	
