theta_zero	T
0.100000	2.458253
0.110000	2.458576
0.120000	2.458930
0.130000	2.459314
0.140000	2.459730
0.150000	2.460176
0.160000	2.460653
0.170000	2.461162
0.180000	2.461701
0.190000	2.462271
0.200000	2.462872
0.210000	2.463505
0.220000	2.464169
0.230000	2.464864
0.240000	2.465590
0.250000	2.466347
0.260000	2.467136
0.270000	2.467957
0.280000	2.468808
0.290000	2.469692
0.300000	2.470607
0.310000	2.471553
0.320000	2.472532
0.330000	2.473542
0.340000	2.474584
0.350000	2.475658
0.360000	2.476764
0.370000	2.477902
0.380000	2.479072
0.390000	2.480275
0.400000	2.481510
0.410000	2.482777
0.420000	2.484077
0.430000	2.485410
0.440000	2.486775
0.450000	2.488173
0.460000	2.489604
0.470000	2.491068
0.480000	2.492565
0.490000	2.494095
0.500000	2.495659
0.510000	2.497256
0.520000	2.498887
0.530000	2.500551
0.540000	2.502249
0.550000	2.503982
0.560000	2.505748
0.570000	2.507548
0.580000	2.509383
0.590000	2.511252
0.600000	2.513156
0.610000	2.515095
0.620000	2.517068
0.630000	2.519077
0.640000	2.521120
0.650000	2.523199
0.660000	2.525314
0.670000	2.527464
0.680000	2.529650
0.690000	2.531872
0.700000	2.534130
0.710000	2.536424
0.720000	2.538755
0.730000	2.541123
0.740000	2.543527
0.750000	2.545969
0.760000	2.548447
0.770000	2.550964
0.780000	2.553517
0.790000	2.556109
0.800000	2.558739
0.810000	2.561407
0.820000	2.564113
0.830000	2.566858
0.840000	2.569642
0.850000	2.572465
0.860000	2.575327
0.870000	2.578229
0.880000	2.581171
0.890000	2.584152
0.900000	2.587174
0.910000	2.590237
0.920000	2.593340
0.930000	2.596485
0.940000	2.599670
0.950000	2.602897
0.960000	2.606166
0.970000	2.609478
0.980000	2.612831
0.990000	2.616227
1.000000	2.619667
1.010000	2.623149
1.020000	2.626675
1.030000	2.630245
1.040000	2.633859
1.050000	2.637518
1.060000	2.641221
1.070000	2.644970
1.080000	2.648764
1.090000	2.652604
1.100000	2.656490
1.110000	2.660422
1.120000	2.664402
1.130000	2.668428
1.140000	2.672502
1.150000	2.676624
1.160000	2.680795
1.170000	2.685014
1.180000	2.689283
1.190000	2.693601
1.200000	2.697968
1.210000	2.702387
1.220000	2.706856
1.230000	2.711376
1.240000	2.715948
1.250000	2.720572
1.260000	2.725248
1.270000	2.729978
1.280000	2.734761
1.290000	2.739598
1.300000	2.744489
1.310000	2.749436
1.320000	2.754438
1.330000	2.759495
1.340000	2.764610
1.350000	2.769781
1.360000	2.775010
1.370000	2.780297
1.380000	2.785643
1.390000	2.791048
1.400000	2.796512
1.410000	2.802038
1.420000	2.807624
1.430000	2.813272
1.440000	2.818982
1.450000	2.824755
1.460000	2.830591
1.470000	2.836492
1.480000	2.842458
1.490000	2.848489
1.500000	2.854587
1.510000	2.860752
1.520000	2.866984
1.530000	2.873285
1.540000	2.879655
1.550000	2.886095
1.560000	2.892606
1.570000	2.899188
1.580000	2.905843
1.590000	2.912571
1.600000	2.919373
1.610000	2.926251
1.620000	2.933204
1.630000	2.940233
1.640000	2.947341
1.650000	2.954527
1.660000	2.961793
1.670000	2.969139
1.680000	2.976567
1.690000	2.984077
1.700000	2.991671
1.710000	2.999350
1.720000	3.007115
1.730000	3.014966
1.740000	3.022905
1.750000	3.030934
1.760000	3.039053
1.770000	3.047264
1.780000	3.055567
1.790000	3.063965
1.800000	3.072458
1.810000	3.081047
1.820000	3.089735
1.830000	3.098522
1.840000	3.107410
1.850000	3.116401
1.860000	3.125495
1.870000	3.134695
1.880000	3.144001
1.890000	3.153416
1.900000	3.162941
1.910000	3.172578
1.920000	3.182328
1.930000	3.192194
1.940000	3.202176
1.950000	3.212278
1.960000	3.222500
1.970000	3.232845
1.980000	3.243315
1.990000	3.253911
2.000000	3.264636
2.010000	3.275493
2.020000	3.286482
2.030000	3.297607
2.040000	3.308869
2.050000	3.320272
2.060000	3.331817
2.070000	3.343508
2.080000	3.355346
2.090000	3.367334
2.100000	3.379476
2.110000	3.391774
2.120000	3.404230
2.130000	3.416848
2.140000	3.429631
2.150000	3.442582
2.160000	3.455704
2.170000	3.469001
2.180000	3.482476
2.190000	3.496133
2.200000	3.509975
2.210000	3.524006
2.220000	3.538230
2.230000	3.552652
2.240000	3.567274
2.250000	3.582103
2.260000	3.597141
2.270000	3.612394
2.280000	3.627866
2.290000	3.643563
2.300000	3.659489
2.310000	3.675650
2.320000	3.692052
2.330000	3.708699
2.340000	3.725598
2.350000	3.742755
2.360000	3.760176
2.370000	3.777868
2.380000	3.795838
2.390000	3.814092
2.400000	3.832639
2.410000	3.851485
2.420000	3.870639
2.430000	3.890110
2.440000	3.909905
2.450000	3.930034
2.460000	3.950507
2.470000	3.971332
2.480000	3.992521
2.490000	4.014084
2.500000	4.036033
2.510000	4.058379
2.520000	4.081134
2.530000	4.104312
2.540000	4.127926
2.550000	4.151991
2.560000	4.176520
2.570000	4.201531
2.580000	4.227039
2.590000	4.253062
2.600000	4.279618
2.610000	4.306728
2.620000	4.334410
2.630000	4.362688
2.640000	4.391583
2.650000	4.421121
2.660000	4.451327
2.670000	4.482228
2.680000	4.513855
2.690000	4.546237
2.700000	4.579408
2.710000	4.613404
2.720000	4.648262
2.730000	4.684023
2.740000	4.720731
2.750000	4.758432
2.760000	4.797178
2.770000	4.837022
2.780000	4.878023
2.790000	4.920247
2.800000	4.963761
2.810000	5.008641
2.820000	5.054970
2.830000	5.102838
2.840000	5.152345
2.850000	5.203598
2.860000	5.256720
2.870000	5.311842
2.880000	5.369113
2.890000	5.428699
2.900000	5.490786
2.910000	5.555583
2.920000	5.623326
2.930000	5.694286
2.940000	5.768771
2.950000	5.847136
2.960000	5.929793
2.970000	6.017227
2.980000	6.110005
2.990000	6.208807
3.000000	6.314449
3.010000	6.427926
3.020000	6.550471
3.030000	6.683633
3.040000	6.829394
3.050000	6.990356
3.060000	7.170019
3.070000	7.373257
3.080000	7.607144
3.090000	7.882516
3.100000	8.217231
3.110000	8.643946
3.120000	9.232990
3.130000	10.189320
3.140000	13.071381
