theta_zero	approximation	T
0.100000	2.006067	2.019090
0.110000	2.006067	2.019357
0.120000	2.006067	2.019649
0.130000	2.006067	2.019967
0.140000	2.006067	2.020310
0.150000	2.006067	2.020679
0.160000	2.006067	2.021073
0.170000	2.006067	2.021493
0.180000	2.006067	2.021938
0.190000	2.006067	2.022410
0.200000	2.006067	2.022906
0.210000	2.006067	2.023429
0.220000	2.006067	2.023977
0.230000	2.006067	2.024552
0.240000	2.006067	2.025152
0.250000	2.006067	2.025778
0.260000	2.006067	2.026429
0.270000	2.006067	2.027107
0.280000	2.006067	2.027811
0.290000	2.006067	2.028541
0.300000	2.006067	2.029297
0.310000	2.006067	2.030079
0.320000	2.006067	2.030887
0.330000	2.006067	2.031722
0.340000	2.006067	2.032583
0.350000	2.006067	2.033471
0.360000	2.006067	2.034385
0.370000	2.006067	2.035325
0.380000	2.006067	2.036292
0.390000	2.006067	2.037286
0.400000	2.006067	2.038306
0.410000	2.006067	2.039354
0.420000	2.006067	2.040428
0.430000	2.006067	2.041529
0.440000	2.006067	2.042657
0.450000	2.006067	2.043812
0.460000	2.006067	2.044995
0.470000	2.006067	2.046205
0.480000	2.006067	2.047442
0.490000	2.006067	2.048707
0.500000	2.006067	2.049999
0.510000	2.006067	2.051319
0.520000	2.006067	2.052667
0.530000	2.006067	2.054042
0.540000	2.006067	2.055446
0.550000	2.006067	2.056877
0.560000	2.006067	2.058337
0.570000	2.006067	2.059825
0.580000	2.006067	2.061342
0.590000	2.006067	2.062887
0.600000	2.006067	2.064460
0.610000	2.006067	2.066063
0.620000	2.006067	2.067694
0.630000	2.006067	2.069354
0.640000	2.006067	2.071043
0.650000	2.006067	2.072762
0.660000	2.006067	2.074509
0.670000	2.006067	2.076287
0.680000	2.006067	2.078094
0.690000	2.006067	2.079931
0.700000	2.006067	2.081797
0.710000	2.006067	2.083694
0.720000	2.006067	2.085621
0.730000	2.006067	2.087578
0.740000	2.006067	2.089566
0.750000	2.006067	2.091585
0.760000	2.006067	2.093634
0.770000	2.006067	2.095714
0.780000	2.006067	2.097826
0.790000	2.006067	2.099968
0.800000	2.006067	2.102143
0.810000	2.006067	2.104348
0.820000	2.006067	2.106586
0.830000	2.006067	2.108856
0.840000	2.006067	2.111158
0.850000	2.006067	2.113492
0.860000	2.006067	2.115859
0.870000	2.006067	2.118259
0.880000	2.006067	2.120691
0.890000	2.006067	2.123157
0.900000	2.006067	2.125656
0.910000	2.006067	2.128189
0.920000	2.006067	2.130756
0.930000	2.006067	2.133356
0.940000	2.006067	2.135991
0.950000	2.006067	2.138660
0.960000	2.006067	2.141364
0.970000	2.006067	2.144103
0.980000	2.006067	2.146877
0.990000	2.006067	2.149686
1.000000	2.006067	2.152531
1.010000	2.006067	2.155412
1.020000	2.006067	2.158329
1.030000	2.006067	2.161282
1.040000	2.006067	2.164272
1.050000	2.006067	2.167299
1.060000	2.006067	2.170363
1.070000	2.006067	2.173464
1.080000	2.006067	2.176604
1.090000	2.006067	2.179781
1.100000	2.006067	2.182996
1.110000	2.006067	2.186250
1.120000	2.006067	2.189543
1.130000	2.006067	2.192875
1.140000	2.006067	2.196247
1.150000	2.006067	2.199658
1.160000	2.006067	2.203110
1.170000	2.006067	2.206602
1.180000	2.006067	2.210135
1.190000	2.006067	2.213709
1.200000	2.006067	2.217324
1.210000	2.006067	2.220981
1.220000	2.006067	2.224681
1.230000	2.006067	2.228423
1.240000	2.006067	2.232207
1.250000	2.006067	2.236036
1.260000	2.006067	2.239907
1.270000	2.006067	2.243823
1.280000	2.006067	2.247783
1.290000	2.006067	2.251789
1.300000	2.006067	2.255839
1.310000	2.006067	2.259935
1.320000	2.006067	2.264077
1.330000	2.006067	2.268266
1.340000	2.006067	2.272501
1.350000	2.006067	2.276784
1.360000	2.006067	2.281115
1.370000	2.006067	2.285495
1.380000	2.006067	2.289923
1.390000	2.006067	2.294400
1.400000	2.006067	2.298927
1.410000	2.006067	2.303505
1.420000	2.006067	2.308133
1.430000	2.006067	2.312812
1.440000	2.006067	2.317544
1.450000	2.006067	2.322327
1.460000	2.006067	2.327164
1.470000	2.006067	2.332054
1.480000	2.006067	2.336998
1.490000	2.006067	2.341997
1.500000	2.006067	2.347051
1.510000	2.006067	2.352161
1.520000	2.006067	2.357327
1.530000	2.006067	2.362550
1.540000	2.006067	2.367832
1.550000	2.006067	2.373171
1.560000	2.006067	2.378569
1.570000	2.006067	2.384027
1.580000	2.006067	2.389546
1.590000	2.006067	2.395126
1.600000	2.006067	2.400767
1.610000	2.006067	2.406471
1.620000	2.006067	2.412238
1.630000	2.006067	2.418069
1.640000	2.006067	2.423966
1.650000	2.006067	2.429927
1.660000	2.006067	2.435956
1.670000	2.006067	2.442051
1.680000	2.006067	2.448215
1.690000	2.006067	2.454447
1.700000	2.006067	2.460750
1.710000	2.006067	2.467123
1.720000	2.006067	2.473568
1.730000	2.006067	2.480086
1.740000	2.006067	2.486677
1.750000	2.006067	2.493343
1.760000	2.006067	2.500084
1.770000	2.006067	2.506902
1.780000	2.006067	2.513798
1.790000	2.006067	2.520772
1.800000	2.006067	2.527827
1.810000	2.006067	2.534962
1.820000	2.006067	2.542179
1.830000	2.006067	2.549480
1.840000	2.006067	2.556865
1.850000	2.006067	2.564336
1.860000	2.006067	2.571894
1.870000	2.006067	2.579540
1.880000	2.006067	2.587276
1.890000	2.006067	2.595103
1.900000	2.006067	2.603022
1.910000	2.006067	2.611035
1.920000	2.006067	2.619143
1.930000	2.006067	2.627348
1.940000	2.006067	2.635652
1.950000	2.006067	2.644055
1.960000	2.006067	2.652559
1.970000	2.006067	2.661167
1.980000	2.006067	2.669879
1.990000	2.006067	2.678698
2.000000	2.006067	2.687626
2.010000	2.006067	2.696663
2.020000	2.006067	2.705813
2.030000	2.006067	2.715076
2.040000	2.006067	2.724456
2.050000	2.006067	2.733953
2.060000	2.006067	2.743571
2.070000	2.006067	2.753311
2.080000	2.006067	2.763175
2.090000	2.006067	2.773166
2.100000	2.006067	2.783286
2.110000	2.006067	2.793538
2.120000	2.006067	2.803924
2.130000	2.006067	2.814446
2.140000	2.006067	2.825108
2.150000	2.006067	2.835912
2.160000	2.006067	2.846860
2.170000	2.006067	2.857956
2.180000	2.006067	2.869203
2.190000	2.006067	2.880603
2.200000	2.006067	2.892161
2.210000	2.006067	2.903878
2.220000	2.006067	2.915759
2.230000	2.006067	2.927807
2.240000	2.006067	2.940026
2.250000	2.006067	2.952419
2.260000	2.006067	2.964990
2.270000	2.006067	2.977744
2.280000	2.006067	2.990684
2.290000	2.006067	3.003815
2.300000	2.006067	3.017141
2.310000	2.006067	3.030666
2.320000	2.006067	3.044396
2.330000	2.006067	3.058336
2.340000	2.006067	3.072489
2.350000	2.006067	3.086863
2.360000	2.006067	3.101462
2.370000	2.006067	3.116293
2.380000	2.006067	3.131360
2.390000	2.006067	3.146671
2.400000	2.006067	3.162231
2.410000	2.006067	3.178048
2.420000	2.006067	3.194129
2.430000	2.006067	3.210480
2.440000	2.006067	3.227110
2.450000	2.006067	3.244026
2.460000	2.006067	3.261237
2.470000	2.006067	3.278752
2.480000	2.006067	3.296579
2.490000	2.006067	3.314728
2.500000	2.006067	3.333209
2.510000	2.006067	3.352032
2.520000	2.006067	3.371209
2.530000	2.006067	3.390751
2.540000	2.006067	3.410669
2.550000	2.006067	3.430977
2.560000	2.006067	3.451688
2.570000	2.006067	3.472816
2.580000	2.006067	3.494376
2.590000	2.006067	3.516383
2.600000	2.006067	3.538854
2.610000	2.006067	3.561807
2.620000	2.006067	3.585259
2.630000	2.006067	3.609231
2.640000	2.006067	3.633743
2.650000	2.006067	3.658817
2.660000	2.006067	3.684477
2.670000	2.006067	3.710747
2.680000	2.006067	3.737655
2.690000	2.006067	3.765229
2.700000	2.006067	3.793498
2.710000	2.006067	3.822496
2.720000	2.006067	3.852258
2.730000	2.006067	3.882821
2.740000	2.006067	3.914225
2.750000	2.006067	3.946514
2.760000	2.006067	3.979735
2.770000	2.006067	4.013939
2.780000	2.006067	4.049181
2.790000	2.006067	4.085521
2.800000	2.006067	4.123025
2.810000	2.006067	4.161765
2.820000	2.006067	4.201818
2.830000	2.006067	4.243272
2.840000	2.006067	4.286221
2.850000	2.006067	4.330771
2.860000	2.006067	4.377038
2.870000	2.006067	4.425152
2.880000	2.006067	4.475260
2.890000	2.006067	4.527525
2.900000	2.006067	4.582132
2.910000	2.006067	4.639290
2.920000	2.006067	4.699239
2.930000	2.006067	4.762253
2.940000	2.006067	4.828650
2.950000	2.006067	4.898800
2.960000	2.006067	4.973135
2.970000	2.006067	5.052168
2.980000	2.006067	5.136513
2.990000	2.006067	5.226912
3.000000	2.006067	5.324272
3.010000	2.006067	5.429721
3.020000	2.006067	5.544681
3.030000	2.006067	5.670986
3.040000	2.006067	5.811045
3.050000	2.006067	5.968121
3.060000	2.006067	6.146771
3.070000	2.006067	6.353628
3.080000	2.006067	6.598864
3.090000	2.006067	6.899204
3.100000	2.006067	7.284975
3.110000	2.006067	7.819926
3.120000	2.006067	8.674921
3.130000	2.006067	10.583443
3.140000	2.006067	27.539033
