v_y	closest approach
10000.000000	360035460.800641
10001.000000	360011150.432598
10002.000000	359986332.586080
10003.000000	359961655.890355
10004.000000	359936977.467817
10005.000000	359912274.261408
10006.000000	359887757.936076
10007.000000	359862691.310600
10008.000000	359837843.502803
10009.000000	359812941.759365
10010.000000	359788073.735390
10011.000000	359763276.962803
10012.000000	359738036.759000
10013.000000	359712987.692280
10014.000000	359687864.553332
10015.000000	359662788.127674
10016.000000	359637594.439449
10017.000000	359612337.589267
10018.000000	359587073.456448
10019.000000	359561730.880495
10020.000000	359536435.473031
10021.000000	359511030.164040
10022.000000	359485568.997594
10023.000000	359460086.320637
10024.000000	359434526.298606
10025.000000	359409013.898064
10026.000000	359383393.808133
10027.000000	359357712.707921
10028.000000	359332012.332485
10029.000000	359306236.887028
10030.000000	359280509.513776
10031.000000	359254674.780356
10032.000000	359228756.962386
10033.000000	359202838.056581
10034.000000	359176849.241374
10035.000000	359150908.946716
10036.000000	359125017.089979
10037.000000	359098696.512682
10038.000000	359072550.569089
10039.000000	359046350.468128
10040.000000	359020144.688018
10041.000000	358994097.081880
10042.000000	358967532.612356
10043.000000	358941137.452366
10044.000000	358914728.179257
10045.000000	358888267.125617
10046.000000	358861835.270026
10047.000000	358835253.028569
10048.000000	358808586.789567
10049.000000	358781970.486816
10050.000000	358755288.269058
10051.000000	358728542.750864
10052.000000	358701758.241175
10053.000000	358674887.159234
10054.000000	358648065.997532
10055.000000	358621157.881025
10056.000000	358594125.496557
10057.000000	358567102.263820
10058.000000	358540027.629880
10059.000000	358512927.321409
10060.000000	358485978.354089
10061.000000	358458600.094513
10062.000000	358431273.257690
10063.000000	358403997.754543
10064.000000	358376649.700231
10065.000000	358349250.542878
10066.000000	358321787.567295
10067.000000	358294261.683809
10068.000000	358266766.444839
10069.000000	358239365.121985
10070.000000	358211508.213191
10071.000000	358183780.670364
10072.000000	358156058.022529
10073.000000	358128278.159131
10074.000000	358100437.924024
10075.000000	358072540.143906
10076.000000	358044570.328199
10077.000000	358016631.116003
10078.000000	357988788.736416
10079.000000	357960495.038855
10080.000000	357932310.294291
10081.000000	357904147.929371
10082.000000	357875915.605528
10083.000000	357847617.732096
10084.000000	357819264.081525
10085.000000	357790857.877562
10086.000000	357762430.117353
10087.000000	357734007.833086
10088.000000	357705418.196745
10089.000000	357676769.603964
10090.000000	357648175.171307
10091.000000	357619634.803373
10092.000000	357590696.677864
10093.000000	357561869.987952
10094.000000	357533035.157173
10095.000000	357504141.874333
10096.000000	357475172.809804
10097.000000	357446146.249293
10098.000000	357417072.526952
10099.000000	357387964.809445
10100.000000	357358835.324743
10101.000000	357329585.945479
10102.000000	357300274.866268
10103.000000	357270985.329893
10104.000000	357241780.040040
10105.000000	357212176.969068
10106.000000	357182630.095378
10107.000000	357153139.318876
10108.000000	357123704.539655
10109.000000	357093876.861031
10110.000000	357064126.466506
10111.000000	357034401.989501
10112.000000	357004622.601371
10113.000000	356974699.243416
10114.000000	356944752.561160
10115.000000	356914795.998462
10116.000000	356884782.336481
10117.000000	356854658.465002
10118.000000	356824497.287465
10119.000000	356794310.280190
10120.000000	356764070.569781
10121.000000	356733734.587541
10122.000000	356703349.877475
10123.000000	356672934.092599
10124.000000	356642471.685472
10125.000000	356611911.724966
10126.000000	356581299.884482
10127.000000	356550657.014396
10128.000000	356519967.656444
10129.000000	356489178.040610
10130.000000	356458337.180326
10131.000000	356427468.942382
10132.000000	356396551.964211
10133.000000	356365525.744851
10134.000000	356334451.952692
10135.000000	356303360.088747
10136.000000	356272225.860673
10137.000000	356240951.093189
10138.000000	356209634.702395
10139.000000	356178320.978358
10140.000000	356147067.225767
10141.000000	356115454.384763
10142.000000	356083876.240671
10143.000000	356052342.446040
10144.000000	356020855.072291
10145.000000	355988980.795284
10146.000000	355957167.686441
10147.000000	355925373.000337
10148.000000	355893527.411892
10149.000000	355861530.479370
10150.000000	355829500.463586
10151.000000	355797448.826688
10152.000000	355765332.589734
10153.000000	355733111.361026
10154.000000	355700866.298193
10155.000000	355668585.320003
10156.000000	355636179.637011
10157.000000	355603715.444000
10158.000000	355571257.215810
10159.000000	355538861.489367
10160.000000	355506067.614954
10161.000000	355473335.029206
10162.000000	355440607.251096
10163.000000	355407816.742573
10164.000000	355374905.111557
10165.000000	355341962.711952
10166.000000	355308991.019141
10167.000000	355275899.059778
10168.000000	355242741.645682
10169.000000	355209591.379160
10170.000000	355176476.727894
10171.000000	355142991.173317
10172.000000	355109570.373101
10173.000000	355076136.770552
10174.000000	355042620.894080
10175.000000	355009009.918206
10176.000000	354975384.736086
10177.000000	354941824.655958
10178.000000	354907899.262446
10179.000000	354874006.016310
10180.000000	354840112.881270
10181.000000	354806150.357999
10182.000000	354772067.512303
10183.000000	354737973.455857
10184.000000	354703945.553457
10185.000000	354669558.881275
10186.000000	354635199.322298
10187.000000	354600837.416206
10188.000000	354566394.134935
10189.000000	354531845.931319
10190.000000	354497289.217154
10191.000000	354462790.821223
10192.000000	354427903.344073
10193.000000	354393083.778139
10194.000000	354358258.309460
10195.000000	354323307.674829
10196.000000	354288280.458982
10197.000000	354253258.464279
10198.000000	354218134.467984
10199.000000	354182869.719465
10200.000000	354147596.619613
10201.000000	354112392.336936
10202.000000	354076842.205628
10203.000000	354041310.101601
10204.000000	354005775.865891
10205.000000	353970130.988120
10206.000000	353934398.772464
10207.000000	353898664.430932
10208.000000	353862824.159233
10209.000000	353826853.669121
10210.000000	353790877.529861
10211.000000	353754968.249580
10212.000000	353718666.011238
10213.000000	353682434.906096
10214.000000	353646203.031780
10215.000000	353609827.200141
10216.000000	353573342.324291
10217.000000	353536862.209145
10218.000000	353500274.601867
10219.000000	353463591.387183
10220.000000	353426892.558931
10221.000000	353390096.339031
10222.000000	353353173.876729
10223.000000	353316257.847119
10224.000000	353279257.948607
10225.000000	353242081.753002
10226.000000	353204916.234203
10227.000000	353167794.746672
10228.000000	353130307.153095
10229.000000	353092893.420972
10230.000000	353055553.406645
10231.000000	353017842.390011
10232.000000	352980181.740229
10233.000000	352942595.376093
10234.000000	352904679.951551
10235.000000	352866773.699328
10236.000000	352828881.806501
10237.000000	352790812.499211
10238.000000	352752661.979056
10239.000000	352714523.263372
10240.000000	352676232.867060
10241.000000	352637839.432524
10242.000000	352599459.850922
10243.000000	352560934.060625
10244.000000	352522299.084041
10245.000000	352483679.587789
10246.000000	352444909.255769
10247.000000	352406034.127991
10248.000000	352367176.752527
10249.000000	352328151.797566
10250.000000	352289037.927709
10251.000000	352249951.887158
10252.000000	352210655.199168
10253.000000	352171304.014346
10254.000000	352132031.048456
10255.000000	352092413.140679
10256.000000	352052826.085738
10257.000000	352013317.804957
10258.000000	351973419.468006
10259.000000	351933598.005261
10260.000000	351893779.607801
10261.000000	351853668.191729
10262.000000	351813613.800692
10263.000000	351773466.756887
10264.000000	351733153.485943
10265.000000	351692848.706695
10266.000000	351652414.349966
10267.000000	351611869.687112
10268.000000	351571301.585646
10269.000000	351530624.002134
10270.000000	351489811.292915
10271.000000	351449018.741355
10272.000000	351408026.166072
10273.000000	351366972.961079
10274.000000	351325990.508368
10275.000000	351284628.537972
10276.000000	351243349.508218
10277.000000	351201978.084222
10278.000000	351160439.183912
10279.000000	351118895.719301
10280.000000	351077238.122379
10281.000000	351035453.219414
10282.000000	350993685.241564
10283.000000	350951697.442042
10284.000000	350909665.915635
10285.000000	350867638.590791
10286.000000	350825324.176057
10287.000000	350783058.330742
10288.000000	350740654.832671
10289.000000	350698138.933827
10290.000000	350655626.732503
10291.000000	350612910.206757
10292.000000	350570137.432006
10293.000000	350527348.234037
10294.000000	350484303.826328
10295.000000	350441283.316606
10296.000000	350398145.354662
10297.000000	350354871.385779
10298.000000	350311669.270740
10299.000000	350268111.372760
10300.000000	350224609.038101
10301.000000	350180983.763087
10302.000000	350137226.355534
10303.000000	350093475.946387
10304.000000	350049514.248955
10305.000000	350005502.450879
10306.000000	349961426.541612
10307.000000	349917156.021895
10308.000000	349872893.330639
10309.000000	349828467.006524
10310.000000	349783950.455477
10311.000000	349739395.302064
10312.000000	349694615.929561
10313.000000	349649852.579549
10314.000000	349604926.052296
10315.000000	349559909.582969
10316.000000	349514837.776246
10317.000000	349469563.466659
10318.000000	349424309.168832
10319.000000	349378849.627618
10320.000000	349333338.196005
10321.000000	349287722.411276
10322.000000	349241957.843943
10323.000000	349196247.635129
10324.000000	349150197.787494
10325.000000	349104191.101840
10326.000000	349058043.820875
10327.000000	349011760.073842
10328.000000	348965506.902424
10329.000000	348918932.379571
10330.000000	348872409.270804
10331.000000	348825707.391928
10332.000000	348778932.949334
10333.000000	348732046.717346
10334.000000	348685017.022944
10335.000000	348638041.962764
10336.000000	348590692.763742
10337.000000	348543405.749179
10338.000000	348495954.432104
10339.000000	348448417.086784
10340.000000	348400768.198094
10341.000000	348352974.154991
10342.000000	348305212.986755
10343.000000	348257106.659656
10344.000000	348209071.246031
10345.000000	348160809.111244
10346.000000	348112517.637775
10347.000000	348064076.097986
10348.000000	348015504.581372
10349.000000	347966870.109913
10350.000000	347918049.691703
10351.000000	347869282.416806
10352.000000	347820149.555141
10353.000000	347771093.676770
10354.000000	347721799.005470
10355.000000	347672472.707837
10356.000000	347622992.952878
10357.000000	347573405.315868
10358.000000	347523711.084357
10359.000000	347473861.682117
10360.000000	347423967.552595
10361.000000	347373853.458567
10362.000000	347323792.018746
10363.000000	347273375.796370
10364.000000	347223064.688526
10365.000000	347172423.921691
10366.000000	347121811.854958
10367.000000	347070993.135395
10368.000000	347020118.574712
10369.000000	346969078.812722
10370.000000	346917949.205036
10371.000000	346866676.402965
10372.000000	346815275.806931
10373.000000	346763777.376106
10374.000000	346712110.789108
10375.000000	346660368.497834
10376.000000	346608449.760951
10377.000000	346556471.690639
10378.000000	346504288.404811
10379.000000	346452077.609576
10380.000000	346399622.475680
10381.000000	346347177.844843
10382.000000	346294447.800860
10383.000000	346241764.922281
10384.000000	346188760.279636
10385.000000	346135826.238553
10386.000000	346082555.882946
10387.000000	346029364.086082
10388.000000	345975830.653052
10389.000000	345922376.168956
10390.000000	345868580.703199
10391.000000	345814858.659075
10392.000000	345760802.217291
10393.000000	345706806.911568
10394.000000	345652491.449552
10395.000000	345598210.552660
10396.000000	345543644.724187
10397.000000	345489074.964610
10398.000000	345434258.435046
10399.000000	345379400.181031
10400.000000	345324329.045287
10401.000000	345269187.177486
10402.000000	345213853.087033
10403.000000	345158426.611292
10404.000000	345102827.161026
10405.000000	345047100.639816
10406.000000	344991247.936292
10407.000000	344935216.958267
10408.000000	344879098.036085
10409.000000	344822772.360306
10410.000000	344766408.337992
10411.000000	344709763.706963
10412.000000	344653158.176892
10413.000000	344596187.926284
10414.000000	344539261.200793
10415.000000	344482042.012983
10416.000000	344424785.243121
10417.000000	344367323.028090
10418.000000	344309744.743303
10419.000000	344252028.098592
10420.000000	344194115.480781
10421.000000	344136146.729691
10422.000000	344077903.490397
10423.000000	344019678.433799
10424.000000	343961106.085000
10425.000000	343902524.228556
10426.000000	343843720.642096
10427.000000	343784798.355533
10428.000000	343725739.929360
10429.000000	343666468.021549
10430.000000	343607175.474940
10431.000000	343547540.882994
10432.000000	343487901.623212
10433.000000	343428014.563129
10434.000000	343368018.245435
10435.000000	343307881.130068
10436.000000	343247520.922850
10437.000000	343187146.880876
10438.000000	343126416.342633
10439.000000	343065665.124232
10440.000000	343004702.368953
10441.000000	342943570.557693
10442.000000	342882376.927603
10443.000000	342820861.159770
10444.000000	342759316.095194
10445.000000	342697534.969981
10446.000000	342635603.550439
10447.000000	342573590.088475
10448.000000	342511264.181476
10449.000000	342448899.853986
10450.000000	342386301.115398
10451.000000	342323537.584356
10452.000000	342260712.624073
10453.000000	342197544.477106
10454.000000	342134328.855205
10455.000000	342070921.253717
10456.000000	342007294.215984
10457.000000	341943612.320621
10458.000000	341879624.971115
10459.000000	341815525.021776
10460.000000	341751319.670300
10461.000000	341686798.827482
10462.000000	341622212.227242
10463.000000	341557432.395177
10464.000000	341492418.514359
10465.000000	341427331.803805
10466.000000	341361980.578375
10467.000000	341296460.359233
10468.000000	341230860.357166
10469.000000	341164940.901736
10470.000000	341098901.321131
10471.000000	341032772.356669
10472.000000	340966290.675893
10473.000000	340899718.986183
10474.000000	340833027.450690
10475.000000	340766007.835806
10476.000000	340698891.563163
10477.000000	340631640.803792
10478.000000	340564070.936277
10479.000000	340496397.878985
10480.000000	340428591.315044
10481.000000	340360459.147425
10482.000000	340292217.374173
10483.000000	340223858.495995
10484.000000	340155152.250132
10485.000000	340086330.098290
10486.000000	340017388.909980
10487.000000	339948130.631444
10488.000000	339878716.705335
10489.000000	339809177.605415
10490.000000	339739375.279941
10491.000000	339669358.449091
10492.000000	339599210.421047
10493.000000	339528867.781065
10494.000000	339458237.178447
10495.000000	339387469.468553
10496.000000	339316561.684256
10497.000000	339245335.332664
10498.000000	339173937.448203
10499.000000	339102393.739186
10500.000000	339030635.936615
10501.000000	338958597.644084
10502.000000	338886407.888566
10503.000000	338814063.816704
10504.000000	338741433.919267
10505.000000	338668588.252201
10506.000000	338595582.788099
10507.000000	338522414.739590
10508.000000	338448919.522179
10509.000000	338375243.165808
10510.000000	338301398.900794
10511.000000	338227384.005261
10512.000000	338153030.461636
10513.000000	338078500.841632
10514.000000	338003795.422035
10515.000000	337928911.545975
10516.000000	337853706.884208
10517.000000	337778302.160089
10518.000000	337702713.964292
10519.000000	337626939.704454
10520.000000	337550891.342289
10521.000000	337474590.400759
10522.000000	337398098.532515
10523.000000	337321413.209207
10524.000000	337244528.769345
10525.000000	337167311.217551
10526.000000	337089895.499230
10527.000000	337012279.149545
10528.000000	336934459.722224
10529.000000	336856412.613565
10530.000000	336778053.579312
10531.000000	336699486.950267
10532.000000	336620710.343031
10533.000000	336541721.392591
10534.000000	336462517.752281
10535.000000	336382988.346025
10536.000000	336303236.219355
10537.000000	336223265.121642
10538.000000	336143072.768303
10539.000000	336062656.892929
10540.000000	335981992.063745
10541.000000	335901021.381342
10542.000000	335819823.085119
10543.000000	335738394.970095
10544.000000	335656734.849277
10545.000000	335574840.553621
10546.000000	335492709.931993
10547.000000	335410270.337144
10548.000000	335327575.604001
10549.000000	335244640.725739
10550.000000	335161463.611704
10551.000000	335078042.188973
10552.000000	334994374.402312
10553.000000	334910458.214133
10554.000000	334826270.004065
10555.000000	334741781.378548
10556.000000	334657040.800280
10557.000000	334572046.291190
10558.000000	334486795.890667
10559.000000	334401287.655530
10560.000000	334315519.659981
10561.000000	334229489.995565
10562.000000	334143196.771137
10563.000000	334056638.112814
10564.000000	333969776.027164
10565.000000	333882633.496247
10566.000000	333795222.366471
10567.000000	333707540.822029
10568.000000	333619587.064186
10569.000000	333531359.311243
10570.000000	333442855.798496
10571.000000	333354074.778192
10572.000000	333265014.519488
10573.000000	333175673.308415
10574.000000	333086049.447832
10575.000000	332996141.257385
10576.000000	332905947.073468
10577.000000	332815465.249179
10578.000000	332724694.154280
10579.000000	332633632.175151
10580.000000	332542277.714757
10581.000000	332450629.192595
10582.000000	332358684.042404
10583.000000	332266434.148683
10584.000000	332173887.718796
10585.000000	332081043.227554
10586.000000	331987899.166107
10587.000000	331894454.041895
10588.000000	331800706.378605
10589.000000	331706654.716125
10590.000000	331612297.610508
10591.000000	331517633.633919
10592.000000	331422651.774383
10593.000000	331327357.193118
10594.000000	331231749.488957
10595.000000	331135827.308402
10596.000000	331039589.313834
10597.000000	330943034.183479
10598.000000	330846160.611355
10599.000000	330748967.307231
10600.000000	330651452.996579
10601.000000	330553616.420531
10602.000000	330455456.335831
10603.000000	330356971.514790
10604.000000	330258160.745241
10605.000000	330159022.830489
10606.000000	330059556.589268
10607.000000	329959760.855693
10608.000000	329859634.479213
10609.000000	329759166.538652
10610.000000	329658327.367177
10611.000000	329557152.305631
10612.000000	329455640.274462
10613.000000	329353790.209203
10614.000000	329251601.060426
10615.000000	329149071.793691
10616.000000	329046201.389497
10617.000000	328942988.843239
10618.000000	328839395.985994
10619.000000	328735429.725760
10620.000000	328631116.606065
10621.000000	328526455.691416
10622.000000	328421446.060955
10623.000000	328316086.808404
10624.000000	328210376.710962
10625.000000	328104236.758669
10626.000000	327997742.823878
10627.000000	327890894.068116
10628.000000	327783689.667226
10629.000000	327676128.811318
10630.000000	327568164.021972
10631.000000	327459797.173077
10632.000000	327351069.859468
10633.000000	327241981.337704
10634.000000	327132530.878343
10635.000000	327022644.694547
10636.000000	326912367.615765
10637.000000	326801724.882593
10638.000000	326690715.830879
10639.000000	326579291.693473
10640.000000	326467439.406468
10641.000000	326355217.321770
10642.000000	326242624.839559
10643.000000	326129599.651512
10644.000000	326016148.105955
10645.000000	325902322.918292
10646.000000	325788123.552060
10647.000000	325673436.400823
10648.000000	325558362.922106
10649.000000	325442912.251640
10650.000000	325327012.755419
10651.000000	325210676.052567
10652.000000	325093959.324471
10653.000000	324976810.031879
10654.000000	324859195.818433
10655.000000	324741198.924046
10656.000000	324622763.386621
10657.000000	324503858.016752
10658.000000	324384567.486128
10659.000000	324264810.251271
10660.000000	324144600.713697
10661.000000	324024003.709495
10662.000000	323902890.313325
10663.000000	323781364.225130
10664.000000	323659408.535721
10665.000000	323536945.496503
10666.000000	323414091.096863
10667.000000	323290720.595576
10668.000000	323166919.940821
10669.000000	323042663.178058
10670.000000	322917908.955024
10671.000000	322792747.480342
10672.000000	322667032.605492
10673.000000	322540921.520886
10674.000000	322414265.934417
10675.000000	322287185.969929
10676.000000	322159584.557036
10677.000000	322031529.170772
10678.000000	321902964.658482
10679.000000	321773927.533121
10680.000000	321644382.990599
10681.000000	321514358.031895
10682.000000	321383816.868719
10683.000000	321252798.203999
10684.000000	321121244.168423
10685.000000	320989226.145049
10686.000000	320856643.322244
10687.000000	320723620.506071
10688.000000	320589993.316357
10689.000000	320455916.023645
10690.000000	320321273.687213
10691.000000	320186126.036713
10692.000000	320050464.518153
10693.000000	319914231.792851
10694.000000	319777520.511889
10695.000000	319640214.247588
10696.000000	319502393.269597
10697.000000	319364054.894568
10698.000000	319225110.353416
10699.000000	319085660.121635
10700.000000	318945654.115564
10701.000000	318805057.048750
10702.000000	318663937.880907
10703.000000	318522250.508139
10704.000000	318379962.054728
10705.000000	318237135.576827
10706.000000	318093753.969548
10707.000000	317949736.569891
10708.000000	317805165.705493
10709.000000	317660035.121048
10710.000000	317514295.239040
10711.000000	317367944.198350
10712.000000	317221018.654063
10713.000000	317073512.593464
10714.000000	316925390.390321
10715.000000	316776635.846166
10716.000000	316627286.651825
10717.000000	316477337.034702
10718.000000	316326781.286686
10719.000000	316175586.024724
10720.000000	316023747.471660
10721.000000	315871289.469452
10722.000000	315718206.546943
10723.000000	315564493.296640
10724.000000	315410144.374535
10725.000000	315255154.499938
10726.000000	315099491.913993
10727.000000	314943173.053609
10728.000000	314786201.066343
10729.000000	314628570.903848
10730.000000	314470277.580232
10731.000000	314311316.171889
10732.000000	314151681.817310
10733.000000	313991369.716911
10734.000000	313830375.132843
10735.000000	313668693.388816
10736.000000	313506319.869915
10737.000000	313343250.022412
10738.000000	313179479.353582
10739.000000	313015003.431520
10740.000000	312849817.884945
10741.000000	312683918.403014
10742.000000	312517300.735137
10743.000000	312349960.690775
10744.000000	312181894.139252
10745.000000	312013097.009566
10746.000000	311843565.290181
10747.000000	311673295.028839
10748.000000	311502271.201883
10749.000000	311330475.760465
10750.000000	311157927.402323
10751.000000	310984622.429099
10752.000000	310810557.200684
10753.000000	310635728.135014
10754.000000	310460128.084571
10755.000000	310283706.143032
10756.000000	310106507.208442
10757.000000	309928527.947526
10758.000000	309749765.083988
10759.000000	309570173.751507
10760.000000	309389764.556115
10761.000000	309208559.609715
10762.000000	309026555.880358
10763.000000	308843672.580998
10764.000000	308659981.130584
10765.000000	308475479.554106
10766.000000	308290089.801457
10767.000000	308103869.459370
10768.000000	307916821.771620
10769.000000	307728860.666951
10770.000000	307540071.058680
10771.000000	307350395.278179
10772.000000	307159836.234060
10773.000000	306968416.927442
10774.000000	306776068.089513
10775.000000	306582870.773018
10776.000000	306388712.448588
10777.000000	306193702.325273
10778.000000	305997716.644869
10779.000000	305800863.249665
10780.000000	305603029.512482
10781.000000	305404299.732267
10782.000000	305204601.376420
10783.000000	305003964.094946
10784.000000	304802384.042765
10785.000000	304599808.973040
10786.000000	304396296.192629
10787.000000	304191788.467832
10788.000000	303986290.143552
10789.000000	303779824.637224
10790.000000	303572346.080687
10791.000000	303363849.260349
10792.000000	303154356.890197
10793.000000	302943858.324765
10794.000000	302732299.270516
10795.000000	302519708.958945
10796.000000	302306085.567031
10797.000000	302091418.976383
10798.000000	301875699.206302
10799.000000	301658890.126053
10800.000000	301441006.321759
10801.000000	301222044.300483
10802.000000	301001994.600662
10803.000000	300780847.896376
10804.000000	300558594.996924
10805.000000	300335226.846392
10806.000000	300110734.523223
10807.000000	299885109.239784
10808.000000	299658342.341919
10809.000000	299430425.308516
10810.000000	299201349.751054
10811.000000	298971107.413156
10812.000000	298739690.170135
10813.000000	298507090.028536
10814.000000	298273299.125674
10815.000000	298038309.729171
10816.000000	297802084.759779
10817.000000	297564638.304370
10818.000000	297325967.317413
10819.000000	297086064.610120
10820.000000	296844915.185812
10821.000000	296602475.230841
10822.000000	296358779.248121
10823.000000	296113820.584476
10824.000000	295867541.373498
10825.000000	295619970.239183
10826.000000	295371110.246494
10827.000000	295120886.974415
10828.000000	294869362.953380
10829.000000	294616475.808038
10830.000000	294362246.453431
10831.000000	294106644.664886
10832.000000	293849673.567396
10833.000000	293591304.357479
10834.000000	293331556.418421
10835.000000	293070368.566401
10836.000000	292807786.424276
10837.000000	292543753.820323
10838.000000	292278274.535831
10839.000000	292011355.525653
10840.000000	291742955.742061
10841.000000	291473064.733487
10842.000000	291201690.528930
10843.000000	290928817.447168
10844.000000	290654428.303656
10845.000000	290378486.131451
10846.000000	290101004.236806
10847.000000	289821967.854275
10848.000000	289541362.454372
10849.000000	289259173.742767
10850.000000	288975387.659501
10851.000000	288689990.378164
10852.000000	288402968.305087
10853.000000	288114308.078522
10854.000000	287823996.567802
10855.000000	287532020.872511
10856.000000	287238366.229650
10857.000000	286942994.769418
10858.000000	286645917.455278
10859.000000	286347122.334561
10860.000000	286046597.680493
10861.000000	285744291.022216
10862.000000	285440221.134108
10863.000000	285134383.716995
10864.000000	284826708.374789
10865.000000	284517238.550726
10866.000000	284205919.060233
10867.000000	283892758.356577
10868.000000	283577717.570177
10869.000000	283260809.704425
10870.000000	282941972.973147
10871.000000	282621236.685023
10872.000000	282298558.992542
10873.000000	281973914.281864
10874.000000	281647307.273479
10875.000000	281318715.905244
10876.000000	280988110.302635
10877.000000	280655466.182833
10878.000000	280320779.074926
10879.000000	279984028.335394
10880.000000	279645193.683170
10881.000000	279304255.198360
10882.000000	278961193.320922
10883.000000	278615988.849363
10884.000000	278268622.939385
10885.000000	277919069.875379
10886.000000	277567298.637271
10887.000000	277213306.591273
10888.000000	276857076.351638
10889.000000	276498572.218587
10890.000000	276137767.050632
10891.000000	275774668.837682
10892.000000	275409210.331408
10893.000000	275041415.669670
10894.000000	274671218.212946
10895.000000	274298638.025250
10896.000000	273923609.652831
10897.000000	273546135.168358
10898.000000	273166193.528081
10899.000000	272783746.619079
10900.000000	272398763.760689
10901.000000	272011233.735337
10902.000000	271621128.877449
10903.000000	271228422.038744
10904.000000	270833086.586342
10905.000000	270435096.400832
10906.000000	270034425.874321
10907.000000	269631049.908457
10908.000000	269224921.975908
10909.000000	268816030.045892
10910.000000	268404354.929539
10911.000000	267989849.582392
10912.000000	267572490.600038
10913.000000	267152256.598241
10914.000000	266729103.622032
10915.000000	266303008.836150
10916.000000	265873952.833067
10917.000000	265441873.628192
10918.000000	265006761.792863
10919.000000	264568584.559977
10920.000000	264127306.377622
10921.000000	263682892.393557
10922.000000	263235308.452583
10923.000000	262784521.093860
10924.000000	262330497.548216
10925.000000	261873205.735400
10926.000000	261412600.477181
10927.000000	260948643.375116
10928.000000	260481319.884961
10929.000000	260010559.583392
10930.000000	259536362.353950
10931.000000	259058647.502745
10932.000000	258577409.494954
10933.000000	258092602.584377
10934.000000	257604178.345285
10935.000000	257112093.032713
10936.000000	256616313.963032
10937.000000	256116798.962391
10938.000000	255613497.235039
10939.000000	255106367.239889
10940.000000	254595373.546137
10941.000000	254080475.479647
10942.000000	253561599.089185
10943.000000	253038736.323513
10944.000000	252511803.925740
10945.000000	251980778.744094
10946.000000	251445609.319120
10947.000000	250906242.016116
10948.000000	250362624.346400
10949.000000	249814704.962826
10950.000000	249262433.655254
10951.000000	248705761.345989
10952.000000	248144640.085116
10953.000000	247579001.357213
10954.000000	247008801.367641
10955.000000	246433975.375974
10956.000000	245854479.148918
10957.000000	245270245.213535
10958.000000	244681210.405956
10959.000000	244087323.960399
10960.000000	243488522.963780
10961.000000	242884736.168641
10962.000000	242275913.190999
10963.000000	241661993.856983
10964.000000	241042890.913936
10965.000000	240418559.644218
10966.000000	239788928.361332
10967.000000	239153920.798821
10968.000000	238513470.248331
10969.000000	237867502.487778
10970.000000	237215947.667555
10971.000000	236558739.528842
10972.000000	235895794.868402
10973.000000	235227042.670652
10974.000000	234552394.327084
10975.000000	233871781.807552
10976.000000	233185121.516450
10977.000000	232492331.864430
10978.000000	231793333.018542
10979.000000	231088020.366409
10980.000000	230376336.644872
10981.000000	229658164.431583
10982.000000	228933431.952483
10983.000000	228202043.948077
10984.000000	227463907.034617
10985.000000	226718925.926468
10986.000000	225966992.353464
10987.000000	225208024.896761
10988.000000	224441913.315223
10989.000000	223668550.605451
10990.000000	222887838.315851
10991.000000	222099659.544236
10992.000000	221303918.327866
10993.000000	220500492.821920
10994.000000	219689276.153139
10995.000000	218870146.350898
10996.000000	218042984.553805
10997.000000	217207674.996267
10998.000000	216364086.651120
10999.000000	215512101.583397
11000.000000	214651582.984453
11001.000000	213782397.574903
11002.000000	212904415.589164
11003.000000	212017503.224774
11004.000000	211121513.477983
11005.000000	210216302.283540
11006.000000	209301722.187317
11007.000000	208377624.442567
11008.000000	207443858.927653
11009.000000	206500265.599563
11010.000000	205546680.815358
11011.000000	204582945.348135
11012.000000	203608885.371206
11013.000000	202624333.313244
11014.000000	201629109.277664
11015.000000	200623038.266998
11016.000000	199605924.254371
11017.000000	198577587.725383
11018.000000	197537833.295608
11019.000000	196486456.744186
11020.000000	195423260.578991
11021.000000	194348029.101393
11022.000000	193260552.539888
11023.000000	192160608.784063
11024.000000	191047973.605951
11025.000000	189922417.516312
11026.000000	188783693.958309
11027.000000	187631567.331900
11028.000000	186465786.992270
11029.000000	185286085.973287
11030.000000	184092208.809724
11031.000000	182883874.565138
11032.000000	181660811.337817
11033.000000	180422724.991044
11034.000000	179169323.219272
11035.000000	177900294.835389
11036.000000	176615327.546975
11037.000000	175314096.333942
11038.000000	173996270.484782
11039.000000	172661494.719971
11040.000000	171309424.012344
11041.000000	169939678.830173
11042.000000	168551890.328797
11043.000000	167145654.785012
11044.000000	165720575.480978
11045.000000	164276222.974239
11046.000000	162812169.648893
11047.000000	161327955.426096
11048.000000	159823118.141841
11049.000000	158297168.403983
11050.000000	156749601.230189
11051.000000	155179895.136403
11052.000000	153587496.337834
11053.000000	151971839.549407
11054.000000	150332333.154520
11055.000000	148668355.468918
11056.000000	146979260.586979
11057.000000	145264367.086348
11058.000000	143522969.513127
11059.000000	141754319.911966
11060.000000	139957635.699579
11061.000000	138132094.864787
11062.000000	136276828.885947
11063.000000	134390914.937573
11064.000000	132473390.105930
11065.000000	130523213.676673
11066.000000	128539299.642543
11067.000000	126520473.468079
11068.000000	124465488.110993
11069.000000	122373006.529063
11070.000000	120241586.600620
11071.000000	118069676.139860
11072.000000	115855587.896620
11073.000000	113597491.259014
11074.000000	111293384.770549
11075.000000	108941066.448319
11076.000000	106538107.944711
11077.000000	104081807.601762
11078.000000	101569148.879885
11079.000000	98996730.865701
11080.000000	96360685.254982
11081.000000	93656587.919225
11082.000000	90879310.395321
11083.000000	88022845.856800
11084.000000	85080067.182296
11085.000000	82042389.635803
11086.000000	78899291.477424
11087.000000	75637598.905229
11088.000000	72240418.906449
11089.000000	68685389.051150
11090.000000	64941743.727024
11091.000000	60964834.951725
11092.000000	56684774.753642
11093.000000	51977987.183066
11094.000000	46565626.842662
11095.000000	2201362.091906
11097.000000	3612830.042987
11098.000000	5708935.447767
11099.000000	6371433.520468
11100.000000	5850333.463190
11101.000000	4805473.455842
11102.000000	3656585.894331
11103.000000	2580082.825419
11112.000000	2374449.213808
11113.000000	3627939.262566
11114.000000	5122180.658770
11115.000000	6390357.758171
11116.000000	8134120.734312
11117.000000	6381578.736961
11118.000000	6386744.537943
11119.000000	7224597.002034
11120.000000	6796387.685413
11121.000000	6524884.207330
11122.000000	6395706.115813
11123.000000	6388809.729240
11124.000000	6485956.378343
11125.000000	6672001.438262
11126.000000	6934883.293608
11127.000000	7264634.934742
11128.000000	7652837.267676
11129.000000	8092389.837471
11130.000000	8576991.603624
11131.000000	8186711.775488
11132.000000	7638918.382574
11133.000000	7215820.213813
11134.000000	6896741.010041
11135.000000	6665384.099541
11136.000000	6508741.172643
11137.000000	6416217.276225
11138.000000	6379337.365614
11139.000000	6391413.900271
11140.000000	6446733.280551
11141.000000	6540557.490910
11142.000000	6669053.269418
11143.000000	6828896.097055
11144.000000	7017216.087168
11145.000000	7231483.477386
11146.000000	7469424.334100
11147.000000	7729145.161341
11148.000000	8008827.384998
11149.000000	8306801.346805
11150.000000	8621630.590748
11151.000000	8951996.295569
11152.000000	9296634.105728
11153.000000	9654436.797275
11154.000000	10024279.032390
11155.000000	25759905.653708
11156.000000	26478331.828674
11157.000000	27194460.686708
11158.000000	27908195.444942
11159.000000	28619403.052715
11160.000000	29327994.106433
11161.000000	30033933.376426
11162.000000	30737117.734128
11163.000000	31437535.695535
11164.000000	32135096.540123
11165.000000	32829806.126294
11166.000000	33521611.291581
11167.000000	34210500.484047
11168.000000	34896458.301297
11169.000000	35579472.644107
11170.000000	36259502.966913
11171.000000	36936581.553542
11172.000000	37610688.528433
11173.000000	38281839.879965
11174.000000	79239633.750061
11175.000000	79926592.878190
11176.000000	80606813.247138
11177.000000	81280470.993216
11178.000000	81947738.956793
11179.000000	82608765.619709
11180.000000	83263721.576859
11181.000000	83912746.810924
11182.000000	84555983.513202
11183.000000	85193577.133495
11184.000000	85825638.594732
11185.000000	86452310.449165
11186.000000	87073712.972828
11187.000000	87689958.399561
11188.000000	88301157.100950
11189.000000	88907421.919520
11190.000000	89508857.975321
11191.000000	90105563.988895
11192.000000	90697642.570821
11193.000000	91285173.771802
11194.000000	91868268.175111
11195.000000	92446994.658030
11196.000000	93021448.048783
11197.000000	93591707.587586
11198.000000	94157848.197674
11199.000000	94719964.578261
11200.000000	95278105.553714
11201.000000	95832363.479211
11202.000000	96382801.783183
11203.000000	96929486.525778
11204.000000	97472486.281182
11205.000000	98011872.026499
11206.000000	98547679.445339
11207.000000	99080001.698820
11208.000000	99608876.985715
11209.000000	100134364.820270
11210.000000	100656526.374245
11211.000000	101175415.525465
11212.000000	101691077.921118
11213.000000	102203563.109807
11214.000000	102712939.389562
11215.000000	103219224.572823
11216.000000	103722493.388869
11217.000000	104222783.743030
11218.000000	104720130.133183
11219.000000	105214584.276713
11220.000000	105706187.064008
11221.000000	106194974.162583
11222.000000	106680995.455856
11223.000000	107164297.697476
11224.000000	107644890.380321
11225.000000	108122846.362811
11226.000000	108598169.901972
11227.000000	109070915.869374
11228.000000	109541118.110206
11229.000000	110008807.557056
11230.000000	110474016.266047
11231.000000	110936777.377041
11232.000000	111397125.075560
11233.000000	111855094.556327
11234.000000	112310702.096175
11235.000000	112763987.053909
11236.000000	113214984.180268
11237.000000	113663708.802138
11238.000000	114110196.649947
11239.000000	114554482.277603
11240.000000	114996579.058541
11241.000000	115436513.841521
11242.000000	115874319.851612
11243.000000	116310021.106197
11244.000000	116743642.386997
11245.000000	117175209.215623
11246.000000	117604735.803349
11247.000000	118032248.348247
11248.000000	118457781.143071
11249.000000	118881350.964371
11250.000000	119302967.131612
11251.000000	119722675.377652
11252.000000	120140469.273122
11253.000000	120556390.202602
11254.000000	120970461.035027
11255.000000	121382673.738100
11256.000000	121793072.626583
11257.000000	122201673.875290
11258.000000	122608494.208042
11259.000000	123013550.881659
11260.000000	123416861.670555
11261.000000	123818444.851841
11262.000000	124218319.190963
11263.000000	124616503.927840
11264.000000	125013018.763456
11265.000000	125407863.041137
11266.000000	125801066.341655
11267.000000	126192656.423338
11268.000000	126582620.844424
11269.000000	126971001.788239
11270.000000	127357796.931526
11271.000000	127743037.899800
11272.000000	128126715.864041
11273.000000	128508873.297754
11274.000000	128889505.152917
11275.000000	129268624.928743
11276.000000	129646259.034913
11277.000000	130022418.400515
11278.000000	130397114.307690
11279.000000	130770357.434057
11280.000000	131142156.696090
11281.000000	131512532.577912
11282.000000	131881497.675910
11283.000000	132249060.432693
11284.000000	132615231.173097
11285.000000	132980026.585065
11286.000000	133343460.469804
11287.000000	133705546.908953
11288.000000	134066300.257697
11289.000000	134425704.659065
11290.000000	134783799.624542
11291.000000	135140602.026757
11292.000000	135496083.634850
11293.000000	135850299.029174
11294.000000	136203229.194380
11295.000000	136554905.058409
11296.000000	136905317.240885
11297.000000	137254502.965257
11298.000000	137602432.555892
11299.000000	137949154.145880
11300.000000	138294663.586979
11301.000000	138638955.565274
11302.000000	138982061.808993
11303.000000	139323989.055189
11304.000000	139664738.022875
11305.000000	140004309.996810
11306.000000	140342727.778682
11307.000000	140679998.923601
11308.000000	141016131.181666
11309.000000	141351132.493655
11310.000000	141685010.986853
11311.000000	142017774.970961
11312.000000	142349432.934138
11313.000000	142679993.539135
11314.000000	143009465.619529
11315.000000	143337858.176058
11316.000000	143665180.373048
11317.000000	143991427.990585
11318.000000	144316613.098907
11319.000000	144640753.034666
11320.000000	144963857.588150
11321.000000	145285923.263085
11322.000000	145606949.853747
11323.000000	145926968.071210
11324.000000	146245972.253123
11325.000000	146563958.448617
11326.000000	146880964.553424
11327.000000	147196955.653471
11328.000000	147511978.192948
11329.000000	147826009.747894
11330.000000	148139080.326113
11331.000000	148451172.942275
11332.000000	148762324.185535
11333.000000	149072499.510295
11334.000000	149381748.520863
11335.000000	149690045.708013
11336.000000	149997409.069380
11337.000000	150303858.520036
11338.000000	150609371.494794
11339.000000	150913969.088369
11340.000000	151217666.239281
11341.000000	151520466.823912
11342.000000	151822348.989668
11343.000000	152123344.133910
11344.000000	152423457.511472
11345.000000	152722693.431699
11346.000000	153021056.308220
11347.000000	153318550.657005
11348.000000	153615172.393994
11349.000000	153910934.516664
11350.000000	154205844.734798
11351.000000	154499907.951335
11352.000000	154793129.162556
11353.000000	155085513.456376
11354.000000	155377066.010704
11355.000000	155667792.091810
11356.000000	155957697.052744
11357.000000	156246786.331788
11358.000000	156535054.193350
11359.000000	156822513.244260
11360.000000	157109170.981058
11361.000000	157395033.171467
11362.000000	157680105.661133
11363.000000	157964394.372258
11364.000000	158247895.211676
11365.000000	158530604.613506
11366.000000	158812546.025881
11367.000000	159093725.667291
11368.000000	159374137.951186
11369.000000	159653773.796429
11370.000000	159932664.530897
11371.000000	160210812.882661
11372.000000	160488186.837416
11373.000000	160764832.958848
11374.000000	161040742.437250
11375.000000	161315900.025809
11376.000000	161590347.644973
11377.000000	161864045.175716
11378.000000	162137033.678509
11379.000000	162409296.786551
11380.000000	162680844.918211
11381.000000	162951684.254602
11382.000000	163221811.245893
11383.000000	163491237.961480
11384.000000	163759963.512986
11385.000000	164027989.242451
11386.000000	164295333.509461
11387.000000	164561970.355989
11388.000000	164827945.386761
11389.000000	165093214.454506
11390.000000	165357817.691808
11391.000000	165621755.556219
11392.000000	165885000.216186
11393.000000	166147593.919752
11394.000000	166409528.236003
11395.000000	166670782.069052
11396.000000	166931391.751549
11397.000000	167191359.070238
11398.000000	167450655.467567
11399.000000	167709308.013276
11400.000000	167967325.608522
11401.000000	168224710.239546
11402.000000	168481443.458285
11403.000000	168737539.954192
11404.000000	168993011.470714
11405.000000	169247860.181881
11406.000000	169502088.307501
11407.000000	169755696.506308
11408.000000	170008670.886977
11409.000000	170261033.336134
11410.000000	170512786.247880
11411.000000	170763932.058823
11412.000000	171014473.247465
11413.000000	171264412.333585
11414.000000	171513751.877645
11415.000000	171762494.480198
11416.000000	172010642.781313
11417.000000	172258199.460006
11418.000000	172505167.233676
11419.000000	172751548.857569
11420.000000	172997347.124230
11421.000000	173242564.862974
11422.000000	173487204.939370
11423.000000	173731270.254724
11424.000000	173974763.745590
11425.000000	174217688.383256
11426.000000	174460047.173274
11427.000000	174701843.154983
11428.000000	174943079.401029
11429.000000	175183759.016914
11430.000000	175423885.140539
11431.000000	175663455.859943
11432.000000	175902463.042542
11433.000000	176140924.654005
11434.000000	176378843.959053
11435.000000	176616224.252641
11436.000000	176853068.859540
11437.000000	177089373.629518
11438.000000	177325125.668276
11439.000000	177560350.496444
11440.000000	177795051.555622
11441.000000	178029232.315269
11442.000000	178262868.774771
11443.000000	178495980.099386
11444.000000	178728580.030574
11445.000000	178960672.147017
11446.000000	179192219.410375
11447.000000	179423261.012418
11448.000000	179653804.030609
11449.000000	179883824.430881
11450.000000	180113330.935674
11451.000000	180342348.321121
11452.000000	180570852.311401
11453.000000	180798847.655111
11454.000000	181026363.568594
11455.000000	181253362.325871
11456.000000	181479871.121978
11457.000000	181705904.923068
11458.000000	181931415.790888
11459.000000	182156463.304481
11460.000000	182381010.759639
11461.000000	182605075.988685
11462.000000	182828669.600128
11463.000000	183051762.202508
11464.000000	183274406.262187
11465.000000	183496536.076154
11466.000000	183718225.659544
11467.000000	183939412.103932
11468.000000	184160155.477643
11469.000000	184380405.135317
11470.000000	184600212.566954
11471.000000	184819530.366293
11472.000000	185038412.288823
11473.000000	185256803.330932
11474.000000	185474770.338674
11475.000000	185692239.893252
11476.000000	185909286.997912
11477.000000	186125856.239300
11478.000000	186341988.857105
11479.000000	186557668.869467
11480.000000	186772892.676503
11481.000000	186987694.591044
11482.000000	187202015.418385
11483.000000	187415919.090277
11484.000000	187629374.341075
11485.000000	187842382.859033
11486.000000	188054976.477470
11487.000000	188267106.561061
11488.000000	188478813.186403
11489.000000	188690107.337523
11490.000000	188900934.221075
11491.000000	189111349.863459
11492.000000	189321355.620513
11493.000000	189530901.725544
11494.000000	189740037.770682
11495.000000	189948766.677422
11496.000000	190157054.864219
11497.000000	190364923.157726
11498.000000	190572387.212507
11499.000000	190779440.765196
11500.000000	190986053.597138
11501.000000	191192265.237662
11502.000000	191398076.381709
11503.000000	191603477.939987
11504.000000	191808450.028697
11505.000000	192013024.858450
11506.000000	192217203.187411
11507.000000	192420985.789345
11508.000000	192624344.008597
11509.000000	192827302.852417
11510.000000	193029869.433557
11511.000000	193232044.585615
11512.000000	193433829.156956
11513.000000	193635203.819299
11514.000000	193836180.649490
11515.000000	194036770.578002
11516.000000	194236974.509862
11517.000000	194436793.364087
11518.000000	194636228.073541
11519.000000	194835273.741064
11520.000000	195033920.357234
11521.000000	195232186.750873
11522.000000	195430073.907960
11523.000000	195627582.827607
11524.000000	195824714.521909
11525.000000	196021470.015814
11526.000000	196217850.346987
11527.000000	196413856.565671
11528.000000	196609489.734562
11529.000000	196804741.679469
11530.000000	196999619.972517
11531.000000	197194129.511786
11532.000000	197388271.407764
11533.000000	197582046.782760
11534.000000	197775456.770786
11535.000000	197968502.517432
11536.000000	198161185.179747
11537.000000	198353505.926127
11538.000000	198545465.936195
11539.000000	198737066.400683
11540.000000	198928308.521326
11541.000000	199119193.510749
11542.000000	199309722.592353
11543.000000	199499897.000211
11544.000000	199689717.978957
11545.000000	199879186.783680
11546.000000	200068304.679824
11547.000000	200257072.943080
11548.000000	200445492.859286
11549.000000	200633565.724326
11550.000000	200821292.844029
11551.000000	201008675.534072
11552.000000	201195715.119887
11553.000000	201382412.936558
11554.000000	201568770.328728
11555.000000	201754775.815963
11556.000000	201940441.765434
11557.000000	202125770.363054
11558.000000	202310762.991356
11559.000000	202495421.041975
11560.000000	202679745.915556
11561.000000	202863739.021672
11562.000000	203047401.778735
11563.000000	203230735.613910
11564.000000	203413741.963037
11565.000000	203596402.723742
11566.000000	203778733.884479
11567.000000	203960740.905683
11568.000000	204142425.257579
11569.000000	204323788.418660
11570.000000	204504831.875607
11571.000000	204685557.123207
11572.000000	204865940.429055
11573.000000	205046002.401537
11574.000000	205225749.688316
11575.000000	205405183.816359
11576.000000	205584306.320366
11577.000000	205763115.284640
11578.000000	205941583.024356
11579.000000	206119742.783651
11580.000000	206297596.127928
11581.000000	206475144.629975
11582.000000	206652385.590352
11583.000000	206829288.238759
11584.000000	207005889.803054
11585.000000	207182191.885337
11586.000000	207358196.094753
11587.000000	207533876.409166
11588.000000	207709244.057329
11589.000000	207884317.700102
11590.000000	208059098.974637
11591.000000	208233565.463126
11592.000000	208407717.525641
11593.000000	208581581.171623
11594.000000	208755158.065226
11595.000000	208928415.439939
11596.000000	209101370.697260
11597.000000	209274043.235154
11598.000000	209446431.889639
11599.000000	209618488.183400
11600.000000	209790265.850036
11601.000000	209961766.598792
11602.000000	210132954.819666
11603.000000	210303847.278223
11604.000000	210474466.987534
11605.000000	210644792.338747
11606.000000	210814809.426435
11607.000000	210984557.989304
11608.000000	211154023.002178
11609.000000	211323174.725697
11610.000000	211492062.203176
11611.000000	211660669.586579
11612.000000	211828966.117738
11613.000000	211997002.734585
11614.000000	212164755.370371
11615.000000	212332207.041838
11616.000000	212499403.182324
11617.000000	212666304.120898
11618.000000	212832921.422110
11619.000000	212999287.625962
11620.000000	213165340.081996
11621.000000	213331133.655181
11622.000000	213496663.396441
11623.000000	213661887.961951
11624.000000	213826868.598298
11625.000000	213991554.918729
11626.000000	214155972.921849
11627.000000	214320138.989041
11628.000000	214483998.091337
11629.000000	214647620.564304
11630.000000	214810948.702599
11631.000000	214974018.808201
11632.000000	215136829.438813
11633.000000	215299351.014372
11634.000000	215461643.386704
11635.000000	215623621.992915
11636.000000	215785372.521200
11637.000000	215946836.637720
11638.000000	216108049.259955
11639.000000	216268999.925109
11640.000000	216429678.618665
11641.000000	216590116.912483
11642.000000	216750265.693468
11643.000000	216910192.737003
11644.000000	217069815.659636
11645.000000	217229225.546718
11646.000000	217388333.770304
11647.000000	217547224.800485
11648.000000	217705825.355214
11649.000000	217864201.674765
11650.000000	218022295.819497
11651.000000	218180161.610712
11652.000000	218337750.642463
11653.000000	218495110.123100
11654.000000	218652195.376435
11655.000000	218809052.799152
11656.000000	218965635.645596
11657.000000	219121995.297401
11658.000000	219278077.144858
11659.000000	219433943.346580
11660.000000	219589525.638754
11661.000000	219744902.744515
11662.000000	219899986.960365
11663.000000	220054871.727666
11664.000000	220209467.010250
11665.000000	220363855.386207
11666.000000	220517971.755410
11667.000000	220671865.305304
11668.000000	220825507.228271
11669.000000	220978907.550751
11670.000000	221132079.525677
11671.000000	221284988.252257
11672.000000	221437694.807922
11673.000000	221590113.602476
11674.000000	221742333.862296
11675.000000	221894289.856056
11676.000000	222046022.143975
11677.000000	222197523.328712
11678.000000	222348769.387904
11679.000000	222499817.363351
11680.000000	222650582.000623
11681.000000	222801145.825509
11682.000000	222951466.447476
11683.000000	223101547.941315
11684.000000	223251429.251736
11685.000000	223401030.263580
11686.000000	223550434.084825
11687.000000	223699599.401768
11688.000000	223848524.976813
11689.000000	223997253.664590
11690.000000	224145711.271493
11691.000000	224293964.014358
11692.000000	224441999.717193
11693.000000	224589778.479010
11694.000000	224737361.091861
11695.000000	224884703.888112
11696.000000	225031814.926688
11697.000000	225178730.207091
11698.000000	225325388.620303
11699.000000	225471834.794936
11700.000000	225618085.633769
11701.000000	225764068.274198
11702.000000	225909852.536158
11703.000000	226055437.682067
11704.000000	226200757.478334
11705.000000	226345882.868865
11706.000000	226490807.572508
11707.000000	226635471.123580
11708.000000	226779940.771978
11709.000000	226924213.865367
11710.000000	227068224.357538
11711.000000	227212041.479255
11712.000000	227355665.257041
11713.000000	227499032.579076
11714.000000	227642200.473896
11715.000000	227785175.595148
11716.000000	227927911.433040
11717.000000	228070433.483300
11718.000000	228212763.358088
11719.000000	228354876.805094
11720.000000	228496756.473945
11721.000000	228638444.592576
11722.000000	228779941.218796
11723.000000	228921185.646430
11724.000000	229062235.577781
11725.000000	229203094.677502
11726.000000	229343737.430644
11727.000000	229484152.820527
11728.000000	229624378.065419
11729.000000	229764413.243773
11730.000000	229904213.050655
11731.000000	230043808.187217
11732.000000	230183213.977717
11733.000000	230322430.511991
11734.000000	230461402.064516
11735.000000	230600182.311596
11736.000000	230738774.055843
11737.000000	230877176.931532
11738.000000	231015335.550948
11739.000000	231153306.444886
11740.000000	231291089.722318
11741.000000	231428685.494925
11742.000000	231566045.260978
11743.000000	231703212.505968
11744.000000	231840193.062717
11745.000000	231976987.053391
11746.000000	232113563.599968
11747.000000	232249933.063568
11748.000000	232386116.808011
11749.000000	232522114.965672
11750.000000	232657923.610266
11751.000000	232793501.319071
11752.000000	232928894.317541
11753.000000	233064102.747989
11754.000000	233199126.755208
11755.000000	233333951.089930
11756.000000	233468559.562568
11757.000000	233602984.524378
11758.000000	233737226.129764
11759.000000	233871284.535539
11760.000000	234005147.110404
11761.000000	234138795.010960
11762.000000	234272260.659081
11763.000000	234405544.220879
11764.000000	234538645.864789
11765.000000	234671565.761559
11766.000000	234804265.780194
11767.000000	234936781.122588
11768.000000	235069115.705371
11769.000000	235201269.708231
11770.000000	235333243.313094
11771.000000	235465031.375693
11772.000000	235596605.696196
11773.000000	235728000.638604
11774.000000	235859216.393502
11775.000000	235990253.153637
11776.000000	236121111.113912
11777.000000	236251790.471362
11778.000000	236382260.403989
11779.000000	236512547.567701
11780.000000	236642657.192276
11781.000000	236772589.483030
11782.000000	236902344.647347
11783.000000	237031922.894672
11784.000000	237161324.436494
11785.000000	237290518.608305
11786.000000	237419535.242963
11787.000000	237548376.277683
11788.000000	237677041.931872
11789.000000	237805532.426919
11790.000000	237933847.986181
11791.000000	238061988.834973
11792.000000	238189950.260180
11793.000000	238317713.675943
11794.000000	238445303.526888
11795.000000	238572720.045903
11796.000000	238699963.467783
11797.000000	238827034.029200
11798.000000	238953931.968707
11799.000000	239080657.526709
11800.000000	239207210.945469
11801.000000	239333589.162482
11802.000000	239459774.692826
11803.000000	239585789.278732
11804.000000	239711633.169631
11805.000000	239837306.616749
11806.000000	239962809.873095
11807.000000	240088143.193450
11808.000000	240213306.834356
11809.000000	240338301.054106
11810.000000	240463126.112738
11811.000000	240587782.272012
11812.000000	240712269.795412
11813.000000	240836569.911820
11814.000000	240960702.327511
11815.000000	241084667.363734
11816.000000	241208465.290639
11817.000000	241332096.380047
11818.000000	241455560.905436
11819.000000	241578859.141935
11820.000000	241701991.366309
11821.000000	241824957.856955
11822.000000	241947758.893886
11823.000000	242070394.758730
11824.000000	242192865.734709
11825.000000	242315172.106639
11826.000000	242437314.160918
11827.000000	242559292.185515
11828.000000	242681105.555045
11829.000000	242802744.817164
11830.000000	242924221.377146
11831.000000	243045535.529067
11832.000000	243166687.568526
11833.000000	243287677.792640
11834.000000	243408506.500038
11835.000000	243529173.990848
11836.000000	243649680.566691
11837.000000	243770026.530669
11838.000000	243890212.187363
11839.000000	244010237.842814
11840.000000	244130103.804527
11841.000000	244249810.381453
11842.000000	244369357.883982
11843.000000	244488746.623943
11844.000000	244607976.914583
11845.000000	244727049.070570
11846.000000	244845963.407979
11847.000000	244964720.244285
11848.000000	245083319.898357
11849.000000	245201762.690444
11850.000000	245320048.942177
11851.000000	245438178.976556
11852.000000	245556153.117937
11853.000000	245673971.692037
11854.000000	245791635.025911
11855.000000	245909143.447959
11856.000000	246026497.287910
11857.000000	246143696.876817
11858.000000	246260742.547046
11859.000000	246377634.632279
11860.000000	246494373.467491
11861.000000	246610959.388960
11862.000000	246727392.734246
11863.000000	246843673.842192
11864.000000	246959803.052910
11865.000000	247075780.707786
11866.000000	247191607.149457
11867.000000	247307282.721820
11868.000000	247422807.770013
11869.000000	247538182.640413
11870.000000	247653407.680633
11871.000000	247768483.239507
11872.000000	247883409.667091
11873.000000	247998187.314653
11874.000000	248112816.534664
11875.000000	248227297.680797
11876.000000	248341631.107920
11877.000000	248455817.172082
11878.000000	248569856.230519
11879.000000	248683748.641634
11880.000000	248797494.765002
11881.000000	248911085.153542
11882.000000	249024527.388347
11883.000000	249137823.970578
11884.000000	249250975.264470
11885.000000	249363981.635397
11886.000000	249476843.449862
11887.000000	249589561.075492
11888.000000	249702134.881033
11889.000000	249814565.236345
11890.000000	249926852.512397
11891.000000	250038997.081253
11892.000000	250150999.316080
11893.000000	250262859.591132
11894.000000	250374578.281744
11895.000000	250486155.764338
11896.000000	250597592.416401
11897.000000	250708888.616494
11898.000000	250820029.290570
11899.000000	250931025.915993
11900.000000	251041882.781828
11901.000000	251152600.270894
11902.000000	251263178.767046
11903.000000	251373618.655178
11904.000000	251483920.321212
11905.000000	251594084.152094
11906.000000	251704110.535793
11907.000000	251813999.861289
11908.000000	251923752.518571
11909.000000	252033368.898634
11910.000000	252142835.678730
11911.000000	252252155.715603
11912.000000	252361340.205078
11913.000000	252470389.542153
11914.000000	252579304.122802
11915.000000	252688084.343975
11916.000000	252796730.603592
11917.000000	252905243.300538
11918.000000	253013622.834655
11919.000000	253121869.606741
11920.000000	253229971.910550
11921.000000	253337925.147637
11922.000000	253445746.382006
11923.000000	253553436.018258
11924.000000	253660994.461929
11925.000000	253768422.119482
11926.000000	253875719.398301
11927.000000	253982886.706690
11928.000000	254089924.453865
11929.000000	254196815.407739
11930.000000	254303562.247585
11931.000000	254410180.310825
11932.000000	254516670.010313
11933.000000	254623031.759797
11934.000000	254729265.973911
11935.000000	254835373.068172
11936.000000	254941353.458977
11937.000000	255047188.675431
11938.000000	255152880.547857
11939.000000	255258446.522995
11940.000000	255363887.020737
11941.000000	255469202.461836
11942.000000	255574393.267901
11943.000000	255679459.861389
11944.000000	255784396.884871
11945.000000	255889177.061978
11946.000000	255993833.850862
11947.000000	256098367.677361
11948.000000	256202778.968146
11949.000000	256307068.150713
11950.000000	256411235.653383
11951.000000	256515270.582265
11952.000000	256619153.855040
11953.000000	256722916.289843
11954.000000	256826558.318266
11955.000000	256930080.372703
11956.000000	257033482.886347
11957.000000	257136766.293193
11958.000000	257239895.524901
11959.000000	257342896.969927
11960.000000	257445780.167070
11961.000000	257548545.553488
11962.000000	257651193.567115
11963.000000	257753724.646663
11964.000000	257856108.420933
11965.000000	257958359.452002
11966.000000	258060494.422034
11967.000000	258162513.772820
11968.000000	258264417.946906
11969.000000	258366207.387596
11970.000000	258467843.141726
11971.000000	258569354.503648
11972.000000	258670752.018949
11973.000000	258772036.133923
11974.000000	258873207.295607
11975.000000	258974256.637214
11976.000000	259075151.294435
11977.000000	259175933.896301
11978.000000	259276604.892773
11979.000000	259377164.734536
11980.000000	259477613.872992
11981.000000	259577910.763435
11982.000000	259678085.466408
11983.000000	259778150.377056
11984.000000	259878105.949633
11985.000000	259977952.639094
11986.000000	260077659.341482
11987.000000	260177233.250461
11988.000000	260276699.197913
11989.000000	260376057.641583
11990.000000	260475309.039903
11991.000000	260574423.910429
11992.000000	260673404.218605
11993.000000	260772278.413389
11994.000000	260871046.955939
11995.000000	260969710.308089
11996.000000	261068231.792711
11997.000000	261166625.779573
11998.000000	261264915.518131
11999.000000	261363101.472885
