x	sin(x)	Ff	Fc	cos(x)-Ff	cos(x)-Fc
0.000000e+000	0.000000e+000	1.000000e+000	1.000000e+000	1.720520e-015	1.720520e-015
1.000000e-002	9.999833e-003	9.999500e-001	9.999500e-001	4.961300e-010	1.733790e-012
2.000000e-002	1.999867e-002	9.998000e-001	9.998000e-001	9.991716e-010	-6.968027e-012
3.000000e-002	2.999550e-002	9.995500e-001	9.995500e-001	1.526303e-009	1.709339e-011
4.000000e-002	3.998933e-002	9.992001e-001	9.992001e-001	1.990505e-009	-2.177374e-011
5.000000e-002	4.997917e-002	9.987503e-001	9.987503e-001	2.481561e-009	-1.644112e-011
6.000000e-002	5.996401e-002	9.982005e-001	9.982005e-001	2.984993e-009	1.268607e-012
7.000000e-002	6.994285e-002	9.975510e-001	9.975510e-001	3.446962e-009	-2.248528e-011
8.000000e-002	7.991469e-002	9.968017e-001	9.968017e-001	4.011625e-009	-1.293381e-011
9.000000e-002	8.987855e-002	9.959527e-001	9.959527e-001	4.390143e-009	-5.074956e-011
1.000000e-001	9.983342e-002	9.950042e-001	9.950042e-001	4.963409e-009	-3.259431e-011
1.100000e-001	1.097783e-001	9.939561e-001	9.939561e-001	5.524561e-009	-2.655392e-011
1.200000e-001	1.197122e-001	9.928086e-001	9.928086e-001	5.963381e-009	-7.345629e-011
1.300000e-001	1.296341e-001	9.915619e-001	9.915619e-001	6.394597e-009	1.081419e-011
1.400000e-001	1.395431e-001	9.902160e-001	9.902160e-001	7.007625e-009	6.873109e-011
1.500000e-001	1.494381e-001	9.887711e-001	9.887711e-001	7.360220e-009	-1.337856e-010
1.600000e-001	1.593182e-001	9.872273e-001	9.872273e-001	8.169123e-009	-1.877158e-011
1.700000e-001	1.691823e-001	9.855848e-001	9.855848e-001	8.381281e-009	-8.416938e-011
1.800000e-001	1.790296e-001	9.838437e-001	9.838437e-001	9.044187e-009	2.362472e-011
1.900000e-001	1.888589e-001	9.820042e-001	9.820042e-001	9.403675e-009	-3.322069e-011
2.000000e-001	1.986693e-001	9.800666e-001	9.800666e-001	9.939625e-009	8.639596e-011
2.100000e-001	2.084599e-001	9.780309e-001	9.780309e-001	1.040468e-008	-3.663891e-012
2.200000e-001	2.182296e-001	9.758974e-001	9.758974e-001	1.091508e-008	-4.837635e-011
2.300000e-001	2.279775e-001	9.736664e-001	9.736664e-001	1.137521e-008	-4.578604e-012
2.400000e-001	2.377026e-001	9.713380e-001	9.713380e-001	1.173382e-008	-6.230298e-011
2.500000e-001	2.474040e-001	9.689124e-001	9.689124e-001	1.251681e-008	2.680174e-011
2.600000e-001	2.570806e-001	9.663900e-001	9.663900e-001	1.286108e-008	-1.840361e-010
2.700000e-001	2.667314e-001	9.637709e-001	9.637709e-001	1.326582e-008	-5.685379e-011
2.800000e-001	2.763556e-001	9.610554e-001	9.610554e-001	1.362439e-008	-2.534026e-010
2.900000e-001	2.859522e-001	9.582439e-001	9.582439e-001	1.458590e-008	-1.245575e-010
3.000000e-001	2.955202e-001	9.553365e-001	9.553365e-001	1.475254e-008	4.208118e-011
3.100000e-001	3.050586e-001	9.523336e-001	9.523336e-001	1.509231e-008	-1.732586e-010
3.200000e-001	3.145666e-001	9.492354e-001	9.492354e-001	1.557931e-008	3.618379e-011
3.300000e-001	3.240430e-001	9.460423e-001	9.460423e-001	1.627391e-008	-1.018843e-010
3.400000e-001	3.334871e-001	9.427546e-001	9.427547e-001	1.673667e-008	8.332364e-011
3.500000e-001	3.428978e-001	9.393727e-001	9.393727e-001	1.710664e-008	-1.018147e-010
3.600000e-001	3.522742e-001	9.358968e-001	9.358968e-001	1.751336e-008	2.735097e-011
3.700000e-001	3.616154e-001	9.323273e-001	9.323273e-001	1.804305e-008	-2.756329e-010
3.800000e-001	3.709205e-001	9.286646e-001	9.286646e-001	1.870382e-008	1.075869e-010
3.900000e-001	3.801884e-001	9.249090e-001	9.249091e-001	1.883493e-008	-3.885996e-011
4.000000e-001	3.894183e-001	9.210610e-001	9.210610e-001	1.984566e-008	1.391978e-010
4.100000e-001	3.986093e-001	9.171208e-001	9.171208e-001	1.962665e-008	-7.980620e-011
4.200000e-001	4.077605e-001	9.130889e-001	9.130889e-001	2.028303e-008	2.145657e-011
4.300000e-001	4.168708e-001	9.089657e-001	9.089657e-001	2.087849e-008	-2.157483e-010
4.400000e-001	4.259395e-001	9.047516e-001	9.047517e-001	2.072570e-008	-9.097982e-011
4.500000e-001	4.349655e-001	9.004471e-001	9.004471e-001	2.156550e-008	-8.385341e-011
4.600000e-001	4.439481e-001	8.960525e-001	8.960525e-001	2.252872e-008	4.670871e-011
4.700000e-001	4.528863e-001	8.915683e-001	8.915683e-001	2.231367e-008	-1.683467e-010
4.800000e-001	4.617792e-001	8.869949e-001	8.869949e-001	2.302787e-008	-9.258079e-012
4.900000e-001	4.706259e-001	8.823328e-001	8.823329e-001	2.348195e-008	1.672633e-010
5.000000e-001	4.794255e-001	8.775825e-001	8.775826e-001	2.413987e-008	2.700789e-010
5.100000e-001	4.881772e-001	8.727445e-001	8.727445e-001	2.485191e-008	4.270033e-010
5.200000e-001	4.968801e-001	8.678192e-001	8.678192e-001	2.536221e-008	6.597462e-010
5.300000e-001	5.055333e-001	8.628070e-001	8.628071e-001	2.581555e-008	2.804215e-010
5.400000e-001	5.141360e-001	8.577087e-001	8.577087e-001	2.615298e-008	6.178518e-010
5.500000e-001	5.226872e-001	8.525245e-001	8.525245e-001	2.661680e-008	-2.855509e-011
5.600000e-001	5.311862e-001	8.472551e-001	8.472551e-001	2.714446e-008	4.991048e-010
5.700000e-001	5.396320e-001	8.419009e-001	8.419010e-001	2.842696e-008	6.713851e-010
5.800000e-001	5.480239e-001	8.364626e-001	8.364626e-001	2.741526e-008	2.147999e-010
5.900000e-001	5.563610e-001	8.309407e-001	8.309407e-001	2.836897e-008	6.133943e-010
6.000000e-001	5.646425e-001	8.253356e-001	8.253356e-001	2.836905e-008	6.134705e-010
6.100000e-001	5.728675e-001	8.196480e-001	8.196480e-001	2.836484e-008	5.414920e-011
6.200000e-001	5.810352e-001	8.138784e-001	8.138785e-001	2.867712e-008	3.664316e-010
6.300000e-001	5.891448e-001	8.080275e-001	8.080275e-001	3.005145e-008	7.543218e-011
6.400000e-001	5.971954e-001	8.020957e-001	8.020958e-001	3.026982e-008	2.937994e-010
6.500000e-001	6.051864e-001	7.960838e-001	7.960838e-001	3.075345e-008	2.223146e-010
6.600000e-001	6.131169e-001	7.899922e-001	7.899922e-001	3.206260e-008	4.212450e-010
6.700000e-001	6.209860e-001	7.838216e-001	7.838217e-001	3.161602e-008	5.297791e-010
6.800000e-001	6.287930e-001	7.775727e-001	7.775727e-001	3.140158e-008	3.153347e-010
6.900000e-001	6.365372e-001	7.712460e-001	7.712460e-001	3.236343e-008	7.220775e-010
7.000000e-001	6.442177e-001	7.648422e-001	7.648422e-001	3.211912e-008	4.777636e-010
7.100000e-001	6.518338e-001	7.583618e-001	7.583619e-001	3.266783e-008	4.713655e-010
7.200000e-001	6.593847e-001	7.518057e-001	7.518057e-001	3.255483e-008	3.583661e-010
7.300000e-001	6.668696e-001	7.451744e-001	7.451744e-001	3.457820e-008	7.164022e-010
7.400000e-001	6.742879e-001	7.384685e-001	7.384686e-001	3.462106e-008	7.592588e-010
7.500000e-001	6.816388e-001	7.316888e-001	7.316889e-001	3.379769e-008	4.910023e-010
7.600000e-001	6.889214e-001	7.248360e-001	7.248360e-001	3.505584e-008	6.389235e-010
7.700000e-001	6.961352e-001	7.179106e-001	7.179107e-001	3.533732e-008	3.652959e-010
7.800000e-001	7.032794e-001	7.109135e-001	7.109135e-001	3.550154e-008	5.295168e-010
7.900000e-001	7.103533e-001	7.038453e-001	7.038453e-001	3.581532e-008	2.881868e-010
8.000000e-001	7.173561e-001	6.967067e-001	6.967067e-001	3.699317e-008	9.109195e-010
8.100000e-001	7.242872e-001	6.894984e-001	6.894984e-001	3.679591e-008	1.585458e-010
8.200000e-001	7.311458e-001	6.822212e-001	6.822212e-001	3.662065e-008	-1.671011e-011
8.300000e-001	7.379314e-001	6.748757e-001	6.748758e-001	3.809804e-008	3.504612e-010
8.400000e-001	7.446431e-001	6.674628e-001	6.674628e-001	3.746838e-008	2.759064e-010
8.500000e-001	7.512804e-001	6.599831e-001	6.599831e-001	3.772058e-008	5.281134e-010
8.600000e-001	7.578426e-001	6.524374e-001	6.524375e-001	3.741589e-008	2.234150e-010
8.700000e-001	7.643289e-001	6.448265e-001	6.448265e-001	3.838456e-008	8.186138e-011
8.800000e-001	7.707389e-001	6.371511e-001	6.371511e-001	3.898913e-008	6.864307e-010
8.900000e-001	7.770717e-001	6.294120e-001	6.294120e-001	3.848917e-008	1.864748e-010
9.000000e-001	7.833269e-001	6.216099e-001	6.216100e-001	3.918500e-008	3.271935e-010
9.100000e-001	7.895037e-001	6.137457e-001	6.137457e-001	3.967893e-008	2.660173e-010
9.200000e-001	7.956016e-001	6.058201e-001	6.058202e-001	4.034840e-008	3.803696e-010
9.300000e-001	8.016199e-001	5.978339e-001	5.978340e-001	4.104683e-008	5.236908e-010
9.400000e-001	8.075581e-001	5.897880e-001	5.897880e-001	4.102444e-008	5.012951e-010
9.500000e-001	8.134155e-001	5.816830e-001	5.816831e-001	4.106876e-008	5.456219e-010
9.600000e-001	8.191916e-001	5.735199e-001	5.735200e-001	4.120381e-008	6.806656e-010
9.700000e-001	8.248857e-001	5.652995e-001	5.652995e-001	4.171918e-008	6.409285e-010
9.800000e-001	8.304974e-001	5.570225e-001	5.570225e-001	4.197826e-008	3.449015e-010
9.900000e-001	8.360260e-001	5.486898e-001	5.486899e-001	4.144623e-008	-1.871382e-010
1.000000e+000	8.414710e-001	5.403023e-001	5.403023e-001	4.182769e-008	1.943271e-010
1.010000e+000	8.468318e-001	5.318607e-001	5.318607e-001	4.143231e-008	-7.561623e-010
1.020000e+000	8.521080e-001	5.233659e-001	5.233660e-001	4.286245e-008	1.188674e-010
1.030000e+000	8.572990e-001	5.148188e-001	5.148188e-001	4.182654e-008	-3.619333e-010
1.040000e+000	8.624042e-001	5.062202e-001	5.062203e-001	4.259724e-008	-1.463420e-010
1.050000e+000	8.674232e-001	4.975710e-001	4.975710e-001	4.349310e-008	-3.607057e-010
1.060000e+000	8.723555e-001	4.888720e-001	4.888721e-001	4.345389e-008	-3.999228e-010
1.070000e+000	8.772005e-001	4.801242e-001	4.801242e-001	4.417454e-008	-2.343792e-010
1.080000e+000	8.819578e-001	4.713283e-001	4.713284e-001	4.446710e-008	5.817522e-011
1.090000e+000	8.866269e-001	4.624853e-001	4.624854e-001	4.461407e-008	-3.499625e-010
1.100000e+000	8.912074e-001	4.535961e-001	4.535961e-001	4.406007e-008	-3.488477e-010
1.110000e+000	8.956987e-001	4.446615e-001	4.446615e-001	4.465405e-008	-3.099859e-010
1.120000e+000	9.001004e-001	4.356824e-001	4.356824e-001	4.500925e-008	4.522247e-011
1.130000e+000	9.044122e-001	4.266598e-001	4.266598e-001	4.485484e-008	-6.643085e-010
1.140000e+000	9.086335e-001	4.175945e-001	4.175945e-001	4.494601e-008	-5.731359e-010
1.150000e+000	9.127639e-001	4.084874e-001	4.084874e-001	4.586363e-008	-2.106282e-010
1.160000e+000	9.168031e-001	3.993395e-001	3.993395e-001	4.570309e-008	-3.711703e-010
1.170000e+000	9.207506e-001	3.901516e-001	3.901517e-001	4.664458e-008	1.521304e-011
1.180000e+000	9.246060e-001	3.809248e-001	3.809248e-001	4.597985e-008	-9.440073e-011
1.190000e+000	9.283690e-001	3.716598e-001	3.716599e-001	4.601233e-008	-6.192853e-011
1.200000e+000	9.320391e-001	3.623577e-001	3.623578e-001	4.619326e-008	1.190055e-010
1.210000e+000	9.356160e-001	3.530194e-001	3.530194e-001	4.635979e-008	-2.695781e-010
1.220000e+000	9.390994e-001	3.436457e-001	3.436457e-001	4.664189e-008	1.252369e-011
1.230000e+000	9.424888e-001	3.342377e-001	3.342377e-001	4.736901e-008	1.845341e-010
1.240000e+000	9.457840e-001	3.247962e-001	3.247963e-001	4.675589e-008	-4.285926e-010
1.250000e+000	9.489846e-001	3.153223e-001	3.153224e-001	4.746979e-008	-2.698036e-010
1.260000e+000	9.520903e-001	3.058169e-001	3.058169e-001	4.765434e-008	-8.525249e-011
1.270000e+000	9.551009e-001	2.962808e-001	2.962809e-001	4.749611e-008	-2.434793e-010
1.280000e+000	9.580159e-001	2.867152e-001	2.867152e-001	4.801935e-008	-2.753521e-010
1.290000e+000	9.608351e-001	2.771208e-001	2.771209e-001	4.765994e-008	-7.964858e-011
1.300000e+000	9.635582e-001	2.674988e-001	2.674988e-001	4.772088e-008	-1.871127e-011
1.310000e+000	9.661850e-001	2.578500e-001	2.578500e-001	4.894565e-008	9.583383e-011
1.320000e+000	9.687151e-001	2.481754e-001	2.481755e-001	4.809134e-008	-2.033646e-010
1.330000e+000	9.711484e-001	2.384760e-001	2.384761e-001	4.893439e-008	8.457636e-011
1.340000e+000	9.734845e-001	2.287528e-001	2.287528e-001	4.885117e-008	1.360790e-012
1.350000e+000	9.757234e-001	2.190066e-001	2.190067e-001	4.871300e-008	-1.368095e-010
1.360000e+000	9.778646e-001	2.092386e-001	2.092387e-001	4.834801e-008	5.331104e-011
1.370000e+000	9.799081e-001	1.994497e-001	1.994497e-001	4.866414e-008	-1.856705e-010
1.380000e+000	9.818535e-001	1.896408e-001	1.896408e-001	4.822079e-008	-6.290183e-010
1.390000e+000	9.837008e-001	1.798129e-001	1.798130e-001	4.868206e-008	-1.677558e-010
1.400000e+000	9.854497e-001	1.699671e-001	1.699671e-001	4.916750e-008	-2.374216e-010
1.410000e+000	9.871001e-001	1.601043e-001	1.601043e-001	4.948458e-008	7.965694e-011
1.420000e+000	9.886518e-001	1.502254e-001	1.502255e-001	4.891994e-008	-4.849851e-010
1.430000e+000	9.901046e-001	1.403316e-001	1.403316e-001	4.947146e-008	-4.885732e-010
1.440000e+000	9.914583e-001	1.304237e-001	1.304237e-001	5.019838e-008	2.383394e-010
1.450000e+000	9.927130e-001	1.205027e-001	1.205028e-001	4.934275e-008	-6.217691e-011
1.460000e+000	9.938684e-001	1.105697e-001	1.105698e-001	4.978153e-008	-1.785021e-010
1.470000e+000	9.949243e-001	1.006257e-001	1.006257e-001	5.004558e-008	8.554570e-011
1.480000e+000	9.958808e-001	9.067157e-002	9.067162e-002	4.977142e-008	-1.886185e-010
1.490000e+000	9.967378e-001	8.070840e-002	8.070845e-002	5.071203e-008	1.968838e-010
1.500000e+000	9.974950e-001	7.073715e-002	7.073720e-002	4.997600e-008	1.596355e-011
1.510000e+000	9.981525e-001	6.075883e-002	6.075888e-002	4.991986e-008	-4.017463e-011
1.520000e+000	9.987101e-001	5.077443e-002	5.077449e-002	5.027685e-008	-2.383003e-010
1.530000e+000	9.991679e-001	4.078496e-002	4.078501e-002	4.916732e-008	-2.376042e-010
1.540000e+000	9.995258e-001	3.079141e-002	3.079146e-002	4.966027e-008	2.553476e-010
1.550000e+000	9.997838e-001	2.079478e-002	2.079483e-002	4.968142e-008	-2.786136e-010
1.560000e+000	9.999417e-001	1.079607e-002	1.079612e-002	4.968485e-008	-2.751896e-010
1.570000e+000	9.999997e-001	7.962764e-004	7.963263e-004	5.033256e-008	3.725283e-010
1.580000e+000	9.999576e-001	-9.203593e-003	-9.203543e-003	5.017411e-008	-3.410380e-010
1.590000e+000	9.998156e-001	-1.920254e-002	-1.920249e-002	4.998742e-008	2.738862e-011
1.600000e+000	9.995736e-001	-2.919957e-002	-2.919952e-002	4.934820e-008	-5.672924e-011
1.610000e+000	9.992316e-001	-3.919368e-002	-3.919363e-002	4.986053e-008	-9.950460e-011
1.620000e+000	9.987897e-001	-4.918387e-002	-4.918382e-002	4.950588e-008	-4.541523e-010
1.630000e+000	9.982480e-001	-5.916914e-002	-5.916909e-002	4.920444e-008	-2.004826e-010
1.640000e+000	9.976064e-001	-6.914850e-002	-6.914845e-002	4.938457e-008	-2.035866e-011
1.650000e+000	9.968650e-001	-7.912094e-002	-7.912089e-002	4.988293e-008	-7.710167e-011
1.660000e+000	9.960240e-001	-8.908547e-002	-8.908542e-002	4.984475e-008	-1.152828e-010
1.670000e+000	9.950833e-001	-9.904109e-002	-9.904104e-002	4.984448e-008	-1.155576e-010
1.680000e+000	9.940432e-001	-1.089868e-001	-1.089868e-001	4.956573e-008	-3.943090e-010
1.690000e+000	9.929037e-001	-1.189216e-001	-1.189216e-001	4.992217e-008	-3.786823e-011
1.700000e+000	9.916648e-001	-1.288445e-001	-1.288445e-001	4.962740e-008	2.224730e-010
1.710000e+000	9.903268e-001	-1.387546e-001	-1.387545e-001	5.064671e-008	1.315614e-010
1.720000e+000	9.888898e-001	-1.486507e-001	-1.486507e-001	4.921608e-008	-1.888450e-010
1.730000e+000	9.873538e-001	-1.585320e-001	-1.585320e-001	4.906575e-008	2.159352e-010
1.740000e+000	9.857192e-001	-1.683975e-001	-1.683974e-001	4.910880e-008	2.589903e-010
1.750000e+000	9.839859e-001	-1.782461e-001	-1.782461e-001	5.000371e-008	4.367194e-011
1.760000e+000	9.821543e-001	-1.880769e-001	-1.880768e-001	4.961476e-008	2.098318e-010
1.770000e+000	9.802245e-001	-1.978889e-001	-1.978888e-001	4.957493e-008	1.700022e-010
1.780000e+000	9.781966e-001	-2.076811e-001	-2.076810e-001	4.963646e-008	2.315357e-010
1.790000e+000	9.760709e-001	-2.174525e-001	-2.174524e-001	4.868297e-008	-1.668470e-010
1.800000e+000	9.738476e-001	-2.272021e-001	-2.272021e-001	4.907239e-008	2.225800e-010
1.810000e+000	9.715270e-001	-2.369291e-001	-2.369290e-001	4.765753e-008	-8.205721e-011
1.820000e+000	9.691091e-001	-2.466324e-001	-2.466323e-001	4.901120e-008	1.613884e-010
1.830000e+000	9.665944e-001	-2.563110e-001	-2.563109e-001	4.756540e-008	-1.741874e-010
1.840000e+000	9.639830e-001	-2.659639e-001	-2.659639e-001	4.860853e-008	3.138328e-010
1.850000e+000	9.612752e-001	-2.755903e-001	-2.755902e-001	4.820459e-008	-9.011129e-011
1.860000e+000	9.584713e-001	-2.851891e-001	-2.851891e-001	4.863975e-008	3.450520e-010
1.870000e+000	9.555715e-001	-2.947594e-001	-2.947594e-001	4.722391e-008	3.942653e-011
1.880000e+000	9.525762e-001	-3.043002e-001	-3.043002e-001	4.729687e-008	1.123879e-010
1.890000e+000	9.494856e-001	-3.138106e-001	-3.138106e-001	4.814069e-008	4.011023e-010
1.900000e+000	9.463001e-001	-3.232896e-001	-3.232896e-001	4.710471e-008	-7.976934e-011
1.910000e+000	9.430199e-001	-3.327363e-001	-3.327362e-001	4.728197e-008	9.749564e-011
1.920000e+000	9.396455e-001	-3.421497e-001	-3.421497e-001	4.631226e-008	2.380015e-010
1.930000e+000	9.361771e-001	-3.515289e-001	-3.515288e-001	4.738980e-008	2.053257e-010
1.940000e+000	9.326150e-001	-3.608729e-001	-3.608729e-001	4.695675e-008	3.273871e-010
1.950000e+000	9.289597e-001	-3.701809e-001	-3.701808e-001	4.682180e-008	1.924322e-010
1.960000e+000	9.252115e-001	-3.794518e-001	-3.794518e-001	4.740541e-008	2.209308e-010
1.970000e+000	9.213708e-001	-3.886848e-001	-3.886848e-001	4.653653e-008	4.622754e-010
1.980000e+000	9.174380e-001	-3.978789e-001	-3.978789e-001	4.602122e-008	-5.303856e-011
1.990000e+000	9.134134e-001	-4.070333e-001	-4.070332e-001	4.599918e-008	4.800399e-010
2.000000e+000	9.092974e-001	-4.161469e-001	-4.161468e-001	4.485187e-008	-1.121606e-010
2.010000e+000	9.050906e-001	-4.252189e-001	-4.252189e-001	4.466202e-008	-3.020148e-010
2.020000e+000	9.007932e-001	-4.342484e-001	-4.342483e-001	4.446118e-008	-5.028501e-010
2.030000e+000	8.964057e-001	-4.432345e-001	-4.432344e-001	4.346970e-008	-9.392197e-010
2.040000e+000	8.919287e-001	-4.521762e-001	-4.521762e-001	4.322684e-008	-6.269727e-010
2.050000e+000	8.873624e-001	-4.610727e-001	-4.610727e-001	4.306003e-008	-7.937821e-010
2.060000e+000	8.827074e-001	-4.699232e-001	-4.699231e-001	4.332614e-008	-1.082781e-009
2.070000e+000	8.779641e-001	-4.787266e-001	-4.787265e-001	4.310206e-008	-7.517488e-010
2.080000e+000	8.731330e-001	-4.874821e-001	-4.874821e-001	4.231664e-008	-9.820600e-010
2.090000e+000	8.682146e-001	-4.961890e-001	-4.961889e-001	4.277287e-008	-1.080937e-009
2.100000e+000	8.632094e-001	-5.048461e-001	-5.048461e-001	4.250925e-008	-7.894488e-010
2.110000e+000	8.581178e-001	-5.134529e-001	-5.134528e-001	4.237401e-008	-9.246919e-010
2.120000e+000	8.529405e-001	-5.220082e-001	-5.220082e-001	4.260790e-008	-6.908002e-010
2.130000e+000	8.476778e-001	-5.305114e-001	-5.305113e-001	4.164790e-008	-5.405703e-010
2.140000e+000	8.423304e-001	-5.389615e-001	-5.389614e-001	4.048257e-008	-1.150790e-009
2.150000e+000	8.368988e-001	-5.473577e-001	-5.473577e-001	4.034654e-008	-1.286821e-009
2.160000e+000	8.313835e-001	-5.556992e-001	-5.556991e-001	4.041559e-008	-6.626597e-010
2.170000e+000	8.257850e-001	-5.639851e-001	-5.639851e-001	4.105336e-008	-5.800059e-010
2.180000e+000	8.201039e-001	-5.722146e-001	-5.722146e-001	3.928702e-008	-1.236121e-009
2.190000e+000	8.143409e-001	-5.803869e-001	-5.803869e-001	3.982668e-008	-1.251572e-009
2.200000e+000	8.084964e-001	-5.885012e-001	-5.885011e-001	3.943994e-008	-5.280853e-010
2.210000e+000	8.025711e-001	-5.965566e-001	-5.965565e-001	3.908265e-008	-8.853785e-010
2.220000e+000	7.965655e-001	-6.045523e-001	-6.045523e-001	3.826662e-008	-1.146298e-009
2.230000e+000	7.904802e-001	-6.124876e-001	-6.124876e-001	3.941999e-008	-5.480400e-010
2.240000e+000	7.843159e-001	-6.203617e-001	-6.203616e-001	3.892547e-008	-1.042555e-009
2.250000e+000	7.780732e-001	-6.281737e-001	-6.281736e-001	3.814325e-008	-7.145592e-010
2.260000e+000	7.717527e-001	-6.359229e-001	-6.359228e-001	3.667086e-008	-1.076723e-009
2.270000e+000	7.653550e-001	-6.436085e-001	-6.436084e-001	3.670602e-008	-1.041567e-009
2.280000e+000	7.588807e-001	-6.512297e-001	-6.512297e-001	3.630774e-008	-8.847264e-010
2.290000e+000	7.523306e-001	-6.587858e-001	-6.587858e-001	3.598088e-008	-1.211590e-009
2.300000e+000	7.457052e-001	-6.662761e-001	-6.662760e-001	3.637941e-008	-1.368171e-009
2.310000e+000	7.390053e-001	-6.736997e-001	-6.736996e-001	3.601046e-008	-1.182007e-009
2.320000e+000	7.322314e-001	-6.810559e-001	-6.810559e-001	3.560031e-008	-1.037055e-009
2.330000e+000	7.253844e-001	-6.883441e-001	-6.883440e-001	3.579965e-008	-8.377076e-010
2.340000e+000	7.184648e-001	-6.955634e-001	-6.955633e-001	3.488967e-008	-1.192577e-009
2.350000e+000	7.114734e-001	-7.027131e-001	-7.027131e-001	3.537043e-008	-7.118156e-010
2.360000e+000	7.044108e-001	-7.097926e-001	-7.097926e-001	3.389671e-008	-1.075313e-009
2.370000e+000	6.972777e-001	-7.168011e-001	-7.168011e-001	3.452917e-008	-9.979642e-010
2.380000e+000	6.900750e-001	-7.237379e-001	-7.237379e-001	3.423067e-008	-7.413582e-010
2.390000e+000	6.828032e-001	-7.306024e-001	-7.306023e-001	3.278817e-008	-1.628747e-009
2.400000e+000	6.754632e-001	-7.373937e-001	-7.373937e-001	3.274339e-008	-1.118411e-009
2.410000e+000	6.680556e-001	-7.441114e-001	-7.441114e-001	3.155260e-008	-1.198975e-009
2.420000e+000	6.605812e-001	-7.507546e-001	-7.507546e-001	3.151071e-008	-1.240870e-009
2.430000e+000	6.530408e-001	-7.573228e-001	-7.573228e-001	3.080229e-008	-1.394179e-009
2.440000e+000	6.454350e-001	-7.638152e-001	-7.638152e-001	3.009651e-008	-1.544844e-009
2.450000e+000	6.377647e-001	-7.702313e-001	-7.702313e-001	3.026101e-008	-1.380349e-009
2.460000e+000	6.300306e-001	-7.765703e-001	-7.765703e-001	3.007649e-008	-1.564863e-009
2.470000e+000	6.222336e-001	-7.828317e-001	-7.828317e-001	2.950329e-008	-1.582955e-009
2.480000e+000	6.143743e-001	-7.890148e-001	-7.890147e-001	2.961793e-008	-1.468318e-009
2.490000e+000	6.064535e-001	-7.951190e-001	-7.951189e-001	2.921986e-008	-1.311272e-009
2.500000e+000	5.984721e-001	-8.011436e-001	-8.011436e-001	2.921055e-008	-1.320587e-009
2.510000e+000	5.904309e-001	-8.070882e-001	-8.070882e-001	2.809149e-008	-1.329423e-009
2.520000e+000	5.823306e-001	-8.129521e-001	-8.129520e-001	2.856534e-008	-8.555655e-010
2.530000e+000	5.741721e-001	-8.187346e-001	-8.187346e-001	2.748448e-008	-1.381322e-009
2.540000e+000	5.659562e-001	-8.244353e-001	-8.244353e-001	2.689453e-008	-1.416156e-009
2.550000e+000	5.576837e-001	-8.300536e-001	-8.300535e-001	2.731529e-008	-9.954001e-010
2.560000e+000	5.493554e-001	-8.355888e-001	-8.355888e-001	2.657342e-008	-1.182154e-009
2.570000e+000	5.409722e-001	-8.410405e-001	-8.410405e-001	2.529744e-008	-1.347908e-009
2.580000e+000	5.325349e-001	-8.464081e-001	-8.464080e-001	2.464190e-008	-1.448337e-009
2.590000e+000	5.240443e-001	-8.516910e-001	-8.516910e-001	2.401242e-008	-1.522711e-009
2.600000e+000	5.155014e-001	-8.568888e-001	-8.568888e-001	2.434268e-008	-1.192453e-009
2.610000e+000	5.069069e-001	-8.620009e-001	-8.620008e-001	2.360071e-008	-1.379305e-009
2.620000e+000	4.982616e-001	-8.670267e-001	-8.670267e-001	2.339827e-008	-1.304190e-009
2.630000e+000	4.895666e-001	-8.719659e-001	-8.719659e-001	2.283346e-008	-1.591447e-009
2.640000e+000	4.808226e-001	-8.768179e-001	-8.768179e-001	2.232626e-008	-1.543530e-009
2.650000e+000	4.720305e-001	-8.815822e-001	-8.815822e-001	2.245895e-008	-1.410846e-009
2.660000e+000	4.631913e-001	-8.862584e-001	-8.862583e-001	2.170708e-008	-1.330049e-009
2.670000e+000	4.543057e-001	-8.908459e-001	-8.908459e-001	2.138789e-008	-1.371686e-009
2.680000e+000	4.453746e-001	-8.953443e-001	-8.953443e-001	2.117262e-008	-1.309398e-009
2.690000e+000	4.363991e-001	-8.997532e-001	-8.997532e-001	2.015088e-008	-1.498465e-009
2.700000e+000	4.273799e-001	-9.040722e-001	-9.040721e-001	1.956123e-008	-1.533008e-009
2.710000e+000	4.183179e-001	-9.083007e-001	-9.083007e-001	1.941638e-008	-1.400303e-009
2.720000e+000	4.092142e-001	-9.124384e-001	-9.124384e-001	1.901516e-008	-1.523968e-009
2.730000e+000	4.000695e-001	-9.164848e-001	-9.164848e-001	1.856555e-008	-1.418468e-009
2.740000e+000	3.908848e-001	-9.204396e-001	-9.204396e-001	1.803308e-008	-1.395827e-009
2.750000e+000	3.816610e-001	-9.243024e-001	-9.243024e-001	1.765548e-008	-1.495870e-009
2.760000e+000	3.723990e-001	-9.280727e-001	-9.280727e-001	1.679291e-008	-1.525769e-009
2.770000e+000	3.630998e-001	-9.317503e-001	-9.317502e-001	1.666490e-008	-1.376224e-009
2.780000e+000	3.537643e-001	-9.353346e-001	-9.353346e-001	1.642684e-008	-1.614280e-009
2.790000e+000	3.443935e-001	-9.388254e-001	-9.388254e-001	1.535369e-008	-1.577212e-009
2.800000e+000	3.349882e-001	-9.422224e-001	-9.422223e-001	1.502454e-008	-1.628808e-009
2.810000e+000	3.255493e-001	-9.455251e-001	-9.455251e-001	1.429173e-008	-1.806508e-009
2.820000e+000	3.160780e-001	-9.487332e-001	-9.487332e-001	1.424287e-008	-1.300250e-009
2.830000e+000	3.065750e-001	-9.518465e-001	-9.518465e-001	1.372695e-008	-1.816174e-009
2.840000e+000	2.970414e-001	-9.548646e-001	-9.548646e-001	1.376309e-008	-1.502473e-009
2.850000e+000	2.874780e-001	-9.577873e-001	-9.577872e-001	1.251348e-008	-1.641863e-009
2.860000e+000	2.778859e-001	-9.606141e-001	-9.606141e-001	1.246958e-008	-1.408207e-009
2.870000e+000	2.682661e-001	-9.633449e-001	-9.633449e-001	1.209627e-008	-1.503962e-009
2.880000e+000	2.586193e-001	-9.659793e-001	-9.659793e-001	1.135467e-008	-1.690449e-009
2.890000e+000	2.489468e-001	-9.685172e-001	-9.685172e-001	1.084218e-008	-1.509047e-009
2.900000e+000	2.392493e-001	-9.709582e-001	-9.709582e-001	1.037836e-008	-1.556536e-009
2.910000e+000	2.295279e-001	-9.733021e-001	-9.733021e-001	1.008975e-008	-1.567593e-009
2.920000e+000	2.197836e-001	-9.755487e-001	-9.755486e-001	9.275261e-009	-1.688191e-009
2.930000e+000	2.100173e-001	-9.776977e-001	-9.776977e-001	8.880738e-009	-1.666381e-009
2.940000e+000	2.002300e-001	-9.797489e-001	-9.797489e-001	8.423367e-009	-1.568640e-009
2.950000e+000	1.904226e-001	-9.817022e-001	-9.817022e-001	7.913089e-009	-1.662585e-009
2.960000e+000	1.805963e-001	-9.835573e-001	-9.835573e-001	7.276965e-009	-1.604819e-009
2.970000e+000	1.707518e-001	-9.853141e-001	-9.853141e-001	6.894765e-009	-1.709463e-009
2.980000e+000	1.608903e-001	-9.869723e-001	-9.869723e-001	6.470188e-009	-1.578929e-009
2.990000e+000	1.510127e-001	-9.885318e-001	-9.885318e-001	6.123518e-009	-1.509265e-009
3.000000e+000	1.411200e-001	-9.899925e-001	-9.899925e-001	5.542380e-009	-1.535292e-009
3.010000e+000	1.312132e-001	-9.913542e-001	-9.913542e-001	5.076360e-009	-1.584978e-009
3.020000e+000	1.212933e-001	-9.926167e-001	-9.926167e-001	4.473406e-009	-1.632821e-009
3.030000e+000	1.113612e-001	-9.937800e-001	-9.937800e-001	3.976426e-009	-1.574689e-009
3.040000e+000	1.014180e-001	-9.948439e-001	-9.948439e-001	3.478004e-009	-1.656777e-009
3.050000e+000	9.146464e-002	-9.958083e-001	-9.958083e-001	2.925095e-009	-1.654575e-009
3.060000e+000	8.150215e-002	-9.966732e-001	-9.966732e-001	2.447164e-009	-1.646783e-009
3.070000e+000	7.153151e-002	-9.974383e-001	-9.974383e-001	1.930214e-009	-1.678010e-009
3.080000e+000	6.155372e-002	-9.981038e-001	-9.981038e-001	1.493854e-009	-1.628648e-009
3.090000e+000	5.156977e-002	-9.986694e-001	-9.986694e-001	9.285393e-010	-1.638851e-009
3.100000e+000	4.158066e-002	-9.991352e-001	-9.991351e-001	4.521934e-010	-1.629475e-009
3.110000e+000	3.158740e-002	-9.995010e-001	-9.995010e-001	-5.872354e-011	-1.654669e-009
3.120000e+000	2.159098e-002	-9.997669e-001	-9.997669e-001	-5.881523e-010	-1.646334e-009
3.130000e+000	1.159239e-002	-9.999328e-001	-9.999328e-001	-1.070827e-009	-1.643286e-009
3.140000e+000	1.592653e-003	-9.999987e-001	-9.999987e-001	-1.555399e-009	-1.635630e-009
3.150000e+000	-8.407247e-003	-9.999647e-001	-9.999647e-001	-2.062978e-009	-1.637971e-009
3.160000e+000	-1.840631e-002	-9.998306e-001	-9.998306e-001	-2.544424e-009	-1.642367e-009
3.170000e+000	-2.840353e-002	-9.995965e-001	-9.995965e-001	-3.027459e-009	-1.622333e-009
3.180000e+000	-3.839790e-002	-9.992625e-001	-9.992625e-001	-3.584969e-009	-1.642079e-009
3.190000e+000	-4.838844e-002	-9.988286e-001	-9.988286e-001	-4.102812e-009	-1.639505e-009
3.200000e+000	-5.837414e-002	-9.982948e-001	-9.982948e-001	-4.571381e-009	-1.657045e-009
3.210000e+000	-6.835401e-002	-9.976611e-001	-9.976611e-001	-4.942485e-009	-1.611816e-009
3.220000e+000	-7.832703e-002	-9.969277e-001	-9.969277e-001	-5.575043e-009	-1.619874e-009
3.230000e+000	-8.829223e-002	-9.960946e-001	-9.960946e-001	-6.049133e-009	-1.608241e-009
3.240000e+000	-9.824859e-002	-9.951619e-001	-9.951619e-001	-6.546436e-009	-1.619821e-009
3.250000e+000	-1.081951e-001	-9.941297e-001	-9.941297e-001	-7.078629e-009	-1.666292e-009
3.260000e+000	-1.181309e-001	-9.929980e-001	-9.929980e-001	-7.478058e-009	-1.649387e-009
3.270000e+000	-1.280548e-001	-9.917671e-001	-9.917671e-001	-7.942524e-009	-1.558741e-009
3.280000e+000	-1.379659e-001	-9.904370e-001	-9.904370e-001	-8.330082e-009	-1.529966e-009
3.290000e+000	-1.478632e-001	-9.890078e-001	-9.890078e-001	-8.840618e-009	-1.624169e-009
3.300000e+000	-1.577457e-001	-9.874798e-001	-9.874798e-001	-9.724995e-009	-1.675879e-009
3.310000e+000	-1.676124e-001	-9.858530e-001	-9.858530e-001	-9.744202e-009	-1.556307e-009
3.320000e+000	-1.774624e-001	-9.841276e-001	-9.841276e-001	-1.031741e-008	-1.574405e-009
3.330000e+000	-1.872947e-001	-9.823038e-001	-9.823038e-001	-1.106482e-008	-1.627923e-009
3.340000e+000	-1.971082e-001	-9.803817e-001	-9.803817e-001	-1.145573e-008	-1.602497e-009
3.350000e+000	-2.069020e-001	-9.783617e-001	-9.783617e-001	-1.190052e-008	-1.630961e-009
3.360000e+000	-2.166751e-001	-9.762438e-001	-9.762438e-001	-1.262125e-008	-1.657798e-009
3.370000e+000	-2.264265e-001	-9.740282e-001	-9.740282e-001	-1.279872e-008	-1.557713e-009
3.380000e+000	-2.361553e-001	-9.717153e-001	-9.717153e-001	-1.332691e-008	-1.530792e-009
3.390000e+000	-2.458605e-001	-9.693052e-001	-9.693052e-001	-1.401524e-008	-1.664012e-009
3.400000e+000	-2.555411e-001	-9.667982e-001	-9.667982e-001	-1.439812e-008	-1.630554e-009
3.410000e+000	-2.651961e-001	-9.641945e-001	-9.641945e-001	-1.482105e-008	-1.498375e-009
3.420000e+000	-2.748247e-001	-9.614943e-001	-9.614944e-001	-1.558292e-008	-1.705132e-009
3.430000e+000	-2.844257e-001	-9.586981e-001	-9.586981e-001	-1.579972e-008	-1.366816e-009
3.440000e+000	-2.939983e-001	-9.558059e-001	-9.558059e-001	-1.643065e-008	-1.720195e-009
3.450000e+000	-3.035415e-001	-9.528182e-001	-9.528182e-001	-1.636441e-008	-1.376404e-009
3.460000e+000	-3.130544e-001	-9.497352e-001	-9.497352e-001	-1.683115e-008	-1.565586e-009
3.470000e+000	-3.225359e-001	-9.465572e-001	-9.465572e-001	-1.748680e-008	-1.388563e-009
3.480000e+000	-3.319852e-001	-9.432846e-001	-9.432846e-001	-1.804758e-008	-1.394238e-009
3.490000e+000	-3.414013e-001	-9.399176e-001	-9.399176e-001	-1.825826e-008	-1.604916e-009
3.500000e+000	-3.507832e-001	-9.364567e-001	-9.364567e-001	-1.896960e-008	-1.483588e-009
3.510000e+000	-3.601301e-001	-9.329021e-001	-9.329021e-001	-1.988427e-008	-1.565590e-009
3.520000e+000	-3.694410e-001	-9.292542e-001	-9.292542e-001	-2.007734e-008	-1.481107e-009
3.530000e+000	-3.787149e-001	-9.255134e-001	-9.255134e-001	-2.073631e-008	-1.584958e-009
3.540000e+000	-3.879509e-001	-9.216800e-001	-9.216800e-001	-2.123881e-008	-1.532346e-009
3.550000e+000	-3.971482e-001	-9.177545e-001	-9.177545e-001	-2.133568e-008	-1.629223e-009
3.560000e+000	-4.063057e-001	-9.137372e-001	-9.137372e-001	-2.166775e-008	-1.406181e-009
3.570000e+000	-4.154226e-001	-9.096285e-001	-9.096285e-001	-2.206121e-008	-1.522087e-009
3.580000e+000	-4.244980e-001	-9.054289e-001	-9.054289e-001	-2.259770e-008	-1.503465e-009
3.590000e+000	-4.335309e-001	-9.011387e-001	-9.011387e-001	-2.301809e-008	-1.368743e-009
3.600000e+000	-4.425204e-001	-8.967584e-001	-8.967584e-001	-2.323561e-008	-1.308706e-009
3.610000e+000	-4.514658e-001	-8.922884e-001	-8.922884e-001	-2.440316e-008	-1.643587e-009
3.620000e+000	-4.603659e-001	-8.877292e-001	-8.877293e-001	-2.442862e-008	-1.391495e-009
3.630000e+000	-4.692200e-001	-8.830813e-001	-8.830813e-001	-2.514662e-008	-1.554379e-009
3.640000e+000	-4.780272e-001	-8.783450e-001	-8.783450e-001	-2.561156e-008	-1.464214e-009
3.650000e+000	-4.867866e-001	-8.735209e-001	-8.735209e-001	-2.538187e-008	-1.234523e-009
3.660000e+000	-4.954974e-001	-8.686094e-001	-8.686094e-001	-2.613792e-008	-1.435462e-009
3.670000e+000	-5.041585e-001	-8.636111e-001	-8.636111e-001	-2.608270e-008	-1.102684e-009
3.680000e+000	-5.127693e-001	-8.585264e-001	-8.585264e-001	-2.599892e-008	-1.018903e-009
3.690000e+000	-5.213288e-001	-8.533559e-001	-8.533559e-001	-2.753370e-008	-1.443454e-009
3.700000e+000	-5.298361e-001	-8.481000e-001	-8.481000e-001	-2.815170e-008	-1.506347e-009
3.710000e+000	-5.382905e-001	-8.427593e-001	-8.427594e-001	-2.829991e-008	-1.654556e-009
3.720000e+000	-5.466910e-001	-8.373344e-001	-8.373344e-001	-2.802437e-008	-1.379019e-009
3.730000e+000	-5.550369e-001	-8.318257e-001	-8.318257e-001	-2.913725e-008	-1.381679e-009
3.740000e+000	-5.633273e-001	-8.262338e-001	-8.262338e-001	-2.961147e-008	-1.300785e-009
3.750000e+000	-5.715613e-001	-8.205593e-001	-8.205594e-001	-3.018694e-008	-1.321146e-009
3.760000e+000	-5.797382e-001	-8.148028e-001	-8.148028e-001	-3.098401e-008	-1.563097e-009
3.770000e+000	-5.878571e-001	-8.089648e-001	-8.089648e-001	-3.033644e-008	-9.155348e-010
3.780000e+000	-5.959172e-001	-8.030458e-001	-8.030459e-001	-3.028504e-008	-8.641343e-010
3.790000e+000	-6.039178e-001	-7.970466e-001	-7.970466e-001	-3.096810e-008	-9.920752e-010
3.800000e+000	-6.118579e-001	-7.909677e-001	-7.909677e-001	-3.278266e-008	-1.696413e-009
3.810000e+000	-6.197368e-001	-7.848097e-001	-7.848097e-001	-3.188366e-008	-7.974163e-010
3.820000e+000	-6.275538e-001	-7.785731e-001	-7.785732e-001	-3.344581e-008	-1.804456e-009
3.830000e+000	-6.353080e-001	-7.722588e-001	-7.722588e-001	-3.383843e-008	-1.641967e-009
3.840000e+000	-6.429987e-001	-7.658672e-001	-7.658672e-001	-3.277556e-008	-1.134207e-009
3.850000e+000	-6.506251e-001	-7.593990e-001	-7.593991e-001	-3.325280e-008	-1.056332e-009
3.860000e+000	-6.581865e-001	-7.528549e-001	-7.528549e-001	-3.482206e-008	-1.515370e-009
3.870000e+000	-6.656820e-001	-7.462355e-001	-7.462355e-001	-3.463712e-008	-1.330428e-009
3.880000e+000	-6.731109e-001	-7.395415e-001	-7.395415e-001	-3.404950e-008	-1.297922e-009
3.890000e+000	-6.804726e-001	-7.327735e-001	-7.327736e-001	-3.521163e-008	-1.349828e-009
3.900000e+000	-6.877662e-001	-7.259323e-001	-7.259323e-001	-3.545876e-008	-1.041851e-009
3.910000e+000	-6.949910e-001	-7.190184e-001	-7.190185e-001	-3.612311e-008	-1.151083e-009
3.920000e+000	-7.021463e-001	-7.120327e-001	-7.120327e-001	-3.691428e-008	-1.387147e-009
3.930000e+000	-7.092314e-001	-7.049757e-001	-7.049758e-001	-3.696042e-008	-1.433280e-009
3.940000e+000	-7.162456e-001	-6.978483e-001	-6.978483e-001	-3.695873e-008	-8.764774e-010
3.950000e+000	-7.231881e-001	-6.906511e-001	-6.906511e-001	-3.799473e-008	-1.357372e-009
3.960000e+000	-7.300584e-001	-6.833848e-001	-6.833848e-001	-3.814031e-008	-9.478430e-010
3.970000e+000	-7.368556e-001	-6.760501e-001	-6.760502e-001	-3.793286e-008	-7.403879e-010
3.980000e+000	-7.435791e-001	-6.686479e-001	-6.686479e-001	-3.919237e-008	-1.444787e-009
3.990000e+000	-7.502283e-001	-6.611788e-001	-6.611788e-001	-3.939701e-008	-1.094313e-009
4.000000e+000	-7.568025e-001	-6.536436e-001	-6.536436e-001	-3.827041e-008	-1.077939e-009
4.010000e+000	-7.633010e-001	-6.460430e-001	-6.460430e-001	-3.548656e-008	2.261026e-009
4.020000e+000	-7.697231e-001	-6.383778e-001	-6.383779e-001	-3.614553e-008	2.157165e-009
4.030000e+000	-7.760683e-001	-6.306488e-001	-6.306488e-001	-3.737483e-008	1.482972e-009
4.040000e+000	-7.823359e-001	-6.228567e-001	-6.228567e-001	-3.713453e-008	1.723274e-009
4.050000e+000	-7.885253e-001	-6.150023e-001	-6.150024e-001	-3.747063e-008	1.387180e-009
4.060000e+000	-7.946357e-001	-6.070865e-001	-6.070865e-001	-3.777579e-008	2.192237e-009
4.070000e+000	-8.006668e-001	-5.991099e-001	-5.991099e-001	-3.804152e-008	1.926510e-009
4.080000e+000	-8.066177e-001	-5.910734e-001	-5.910734e-001	-3.877894e-008	1.744202e-009
4.090000e+000	-8.124881e-001	-5.829778e-001	-5.829778e-001	-3.871862e-008	1.804516e-009
4.100000e+000	-8.182771e-001	-5.748239e-001	-5.748239e-001	-3.917112e-008	1.907135e-009
4.110000e+000	-8.239843e-001	-5.666125e-001	-5.666126e-001	-4.061530e-008	1.573179e-009
4.120000e+000	-8.296092e-001	-5.583445e-001	-5.583445e-001	-4.039641e-008	1.236957e-009
4.130000e+000	-8.351510e-001	-5.500206e-001	-5.500207e-001	-4.041550e-008	1.772979e-009
4.140000e+000	-8.406094e-001	-5.416418e-001	-5.416418e-001	-4.038541e-008	1.247956e-009
4.150000e+000	-8.459837e-001	-5.332087e-001	-5.332088e-001	-4.107820e-008	1.665383e-009
4.160000e+000	-8.512734e-001	-5.247224e-001	-5.247224e-001	-4.202094e-008	1.277758e-009
4.170000e+000	-8.564780e-001	-5.161835e-001	-5.161836e-001	-4.141133e-008	1.332258e-009
4.180000e+000	-8.615969e-001	-5.075931e-001	-5.075931e-001	-4.158400e-008	1.714699e-009
4.190000e+000	-8.666297e-001	-4.989519e-001	-4.989519e-001	-4.226377e-008	1.590044e-009
4.200000e+000	-8.715758e-001	-4.902608e-001	-4.902608e-001	-4.270018e-008	1.153632e-009
4.210000e+000	-8.764347e-001	-4.815207e-001	-4.815207e-001	-4.269133e-008	1.717594e-009
4.220000e+000	-8.812060e-001	-4.727324e-001	-4.727324e-001	-4.249694e-008	1.356871e-009
4.230000e+000	-8.858892e-001	-4.638968e-001	-4.638969e-001	-4.386120e-008	1.102836e-009
4.240000e+000	-8.904838e-001	-4.550149e-001	-4.550149e-001	-4.326352e-008	1.700510e-009
4.250000e+000	-8.949894e-001	-4.460874e-001	-4.460875e-001	-4.404268e-008	9.213556e-010
4.260000e+000	-8.994054e-001	-4.371154e-001	-4.371154e-001	-4.409548e-008	8.685480e-010
4.270000e+000	-9.037315e-001	-4.280996e-001	-4.280997e-001	-4.466935e-008	8.497954e-010
4.280000e+000	-9.079673e-001	-4.190411e-001	-4.190411e-001	-4.361119e-008	1.352840e-009
4.290000e+000	-9.121122e-001	-4.099406e-001	-4.099406e-001	-4.415909e-008	1.360055e-009
4.300000e+000	-9.161659e-001	-4.007991e-001	-4.007992e-001	-4.485967e-008	1.214590e-009
4.310000e+000	-9.201281e-001	-3.916176e-001	-3.916176e-001	-4.502822e-008	1.046033e-009
4.320000e+000	-9.239982e-001	-3.823969e-001	-3.823969e-001	-4.465731e-008	1.416944e-009
4.330000e+000	-9.277759e-001	-3.731379e-001	-3.731380e-001	-4.543515e-008	1.194214e-009
4.340000e+000	-9.314608e-001	-3.638417e-001	-3.638417e-001	-4.510231e-008	9.719459e-010
4.350000e+000	-9.350526e-001	-3.545090e-001	-3.545091e-001	-4.624088e-008	9.435937e-010
4.360000e+000	-9.385509e-001	-3.451409e-001	-3.451410e-001	-4.618955e-008	9.949237e-010
4.370000e+000	-9.419553e-001	-3.357383e-001	-3.357384e-001	-4.583203e-008	1.352452e-009
4.380000e+000	-9.452655e-001	-3.263021e-001	-3.263022e-001	-4.617269e-008	1.011787e-009
4.390000e+000	-9.484812e-001	-3.168333e-001	-3.168334e-001	-4.602215e-008	1.162326e-009
4.400000e+000	-9.516021e-001	-3.073328e-001	-3.073329e-001	-4.745398e-008	8.407214e-010
4.410000e+000	-9.546278e-001	-2.978016e-001	-2.978016e-001	-4.682824e-008	9.113488e-010
4.420000e+000	-9.575580e-001	-2.882406e-001	-2.882406e-001	-4.690895e-008	8.306405e-010
4.430000e+000	-9.603925e-001	-2.786508e-001	-2.786508e-001	-4.677675e-008	9.628423e-010
4.440000e+000	-9.631309e-001	-2.690331e-001	-2.690331e-001	-4.728441e-008	4.551767e-010
4.450000e+000	-9.657731e-001	-2.593885e-001	-2.593885e-001	-4.763029e-008	6.644083e-010
4.460000e+000	-9.683186e-001	-2.497179e-001	-2.497180e-001	-4.748258e-008	8.121265e-010
4.470000e+000	-9.707673e-001	-2.400224e-001	-2.400225e-001	-4.799306e-008	3.016371e-010
4.480000e+000	-9.731190e-001	-2.303029e-001	-2.303029e-001	-4.836981e-008	4.799995e-010
4.490000e+000	-9.753733e-001	-2.205603e-001	-2.205604e-001	-4.800061e-008	8.492003e-010
4.500000e+000	-9.775301e-001	-2.107958e-001	-2.107958e-001	-4.857624e-008	8.286811e-010
4.510000e+000	-9.795892e-001	-2.010101e-001	-2.010101e-001	-4.844194e-008	9.629854e-010
4.520000e+000	-9.815503e-001	-1.912043e-001	-1.912043e-001	-4.916108e-008	2.438452e-010
4.530000e+000	-9.834132e-001	-1.813794e-001	-1.813794e-001	-4.875600e-008	6.489286e-010
4.540000e+000	-9.851778e-001	-1.715364e-001	-1.715364e-001	-4.938148e-008	2.344592e-011
4.550000e+000	-9.868439e-001	-1.616762e-001	-1.616762e-001	-4.945497e-008	5.050700e-010
4.560000e+000	-9.884113e-001	-1.517998e-001	-1.517999e-001	-4.910923e-008	2.956921e-010
4.570000e+000	-9.898798e-001	-1.419083e-001	-1.419083e-001	-5.009379e-008	4.213603e-010
4.580000e+000	-9.912494e-001	-1.320025e-001	-1.320026e-001	-4.901477e-008	3.901496e-010
4.590000e+000	-9.925198e-001	-1.220836e-001	-1.220837e-001	-4.944851e-008	5.115214e-010
4.600000e+000	-9.936910e-001	-1.121525e-001	-1.121525e-001	-4.962999e-008	3.300446e-010
4.610000e+000	-9.947628e-001	-1.022101e-001	-1.022102e-001	-5.012523e-008	3.899180e-010
4.620000e+000	-9.957352e-001	-9.225755e-002	-9.225760e-002	-4.929109e-008	1.138336e-010
4.630000e+000	-9.966079e-001	-8.229575e-002	-8.229580e-002	-4.983719e-008	1.228449e-010
4.640000e+000	-9.973811e-001	-7.232573e-002	-7.232578e-002	-4.984459e-008	1.154449e-010
4.650000e+000	-9.980544e-001	-6.234846e-002	-6.234851e-002	-5.043774e-008	7.740496e-011
4.660000e+000	-9.986280e-001	-5.236497e-002	-5.236502e-002	-5.013367e-008	3.814740e-010
4.670000e+000	-9.991017e-001	-4.237624e-002	-4.237629e-002	-5.029333e-008	2.218147e-010
4.680000e+000	-9.994755e-001	-3.238327e-002	-3.238332e-002	-5.058086e-008	-6.571733e-011
4.690000e+000	-9.997494e-001	-2.238706e-002	-2.238711e-002	-4.997395e-008	-1.391072e-011
4.700000e+000	-9.999233e-001	-1.238861e-002	-1.238866e-002	-4.999453e-008	-3.449338e-011
4.710000e+000	-9.999971e-001	-2.388928e-003	-2.388978e-003	-5.016799e-008	-2.079491e-010
4.720000e+000	-9.999710e-001	7.610996e-003	7.610946e-003	-5.014357e-008	3.715769e-010
4.730000e+000	-9.998449e-001	1.761016e-002	1.761011e-002	-4.959443e-008	3.656037e-010
4.740000e+000	-9.996188e-001	2.760756e-002	2.760751e-002	-5.033805e-008	1.770934e-010
4.750000e+000	-9.992928e-001	3.760220e-002	3.760215e-002	-5.068515e-008	-1.700054e-010
4.760000e+000	-9.988668e-001	4.759308e-002	4.759303e-002	-4.978060e-008	-3.756735e-010
4.770000e+000	-9.983409e-001	5.757921e-002	5.757916e-002	-5.083414e-008	-3.189882e-010
4.780000e+000	-9.977152e-001	6.755957e-002	6.755952e-002	-4.991825e-008	4.178450e-011
4.790000e+000	-9.969898e-001	7.753318e-002	7.753313e-002	-4.919099e-008	2.139372e-010
4.800000e+000	-9.961646e-001	8.749903e-002	8.749898e-002	-5.013480e-008	-1.747649e-010
4.810000e+000	-9.952398e-001	9.745614e-002	9.745609e-002	-5.012616e-008	-1.661268e-010
4.820000e+000	-9.942155e-001	1.074035e-001	1.074034e-001	-5.010746e-008	-1.474242e-010
4.830000e+000	-9.930918e-001	1.173401e-001	1.173401e-001	-5.004654e-008	-6.416113e-010
4.840000e+000	-9.918688e-001	1.272650e-001	1.272650e-001	-4.994744e-008	-5.425142e-010
4.850000e+000	-9.905465e-001	1.371772e-001	1.371771e-001	-4.975106e-008	-3.461353e-010
4.860000e+000	-9.891253e-001	1.470756e-001	1.470756e-001	-5.034611e-008	-3.860718e-010
4.870000e+000	-9.876051e-001	1.569593e-001	1.569593e-001	-5.013932e-008	-7.343958e-010
4.880000e+000	-9.859861e-001	1.668274e-001	1.668273e-001	-4.939737e-008	-5.475597e-010
4.890000e+000	-9.842686e-001	1.766787e-001	1.766787e-001	-4.903782e-008	-1.880067e-010
4.900000e+000	-9.824526e-001	1.865124e-001	1.865124e-001	-4.942019e-008	-5.703808e-010
4.910000e+000	-9.805384e-001	1.963275e-001	1.963274e-001	-4.913727e-008	-2.874570e-010
4.920000e+000	-9.785261e-001	2.061229e-001	2.061228e-001	-4.935762e-008	-5.078098e-010
4.930000e+000	-9.764160e-001	2.158977e-001	2.158976e-001	-4.928659e-008	-4.367724e-010
4.940000e+000	-9.742082e-001	2.256509e-001	2.256508e-001	-4.939897e-008	-5.491532e-010
4.950000e+000	-9.719031e-001	2.353815e-001	2.353814e-001	-4.912086e-008	-2.710437e-010
4.960000e+000	-9.695007e-001	2.450886e-001	2.450885e-001	-5.006277e-008	-6.578455e-010
4.970000e+000	-9.670014e-001	2.547712e-001	2.547711e-001	-4.926100e-008	-9.662967e-010
4.980000e+000	-9.644054e-001	2.644283e-001	2.644282e-001	-4.907255e-008	-7.778479e-010
4.990000e+000	-9.617129e-001	2.740590e-001	2.740589e-001	-4.930676e-008	-1.012062e-009
5.000000e+000	-9.589243e-001	2.836622e-001	2.836622e-001	-4.823896e-008	-4.993744e-010
5.010000e+000	-9.560398e-001	2.932371e-001	2.932371e-001	-4.806527e-008	-8.807927e-010
5.020000e+000	-9.530596e-001	3.027827e-001	3.027827e-001	-4.814523e-008	-4.056380e-010
5.030000e+000	-9.499842e-001	3.122980e-001	3.122980e-001	-4.823673e-008	-1.052248e-009
5.040000e+000	-9.468138e-001	3.217821e-001	3.217820e-001	-4.729033e-008	-6.609601e-010
5.050000e+000	-9.435487e-001	3.312340e-001	3.312339e-001	-4.779500e-008	-1.165635e-009
5.060000e+000	-9.401892e-001	3.406527e-001	3.406527e-001	-4.791173e-008	-1.282367e-009
5.070000e+000	-9.367357e-001	3.500374e-001	3.500374e-001	-4.804034e-008	-8.558578e-010
5.080000e+000	-9.331886e-001	3.593871e-001	3.593871e-001	-4.739460e-008	-1.320342e-009
5.090000e+000	-9.295481e-001	3.687009e-001	3.687009e-001	-4.834933e-008	-1.164851e-009
5.100000e+000	-9.258147e-001	3.779778e-001	3.779777e-001	-4.746509e-008	-8.357199e-010
5.110000e+000	-9.219887e-001	3.872169e-001	3.872168e-001	-4.760749e-008	-9.781180e-010
5.120000e+000	-9.180705e-001	3.964173e-001	3.964172e-001	-4.675220e-008	-6.779457e-010
5.130000e+000	-9.140605e-001	4.055780e-001	4.055779e-001	-4.677437e-008	-7.001145e-010
5.140000e+000	-9.099591e-001	4.146982e-001	4.146981e-001	-4.669524e-008	-1.176100e-009
5.150000e+000	-9.057666e-001	4.237769e-001	4.237768e-001	-4.592125e-008	-9.572211e-010
5.160000e+000	-9.014837e-001	4.328132e-001	4.328131e-001	-4.637326e-008	-1.409226e-009
5.170000e+000	-8.971105e-001	4.418062e-001	4.418062e-001	-4.573442e-008	-1.325498e-009
5.180000e+000	-8.926477e-001	4.507551e-001	4.507551e-001	-4.624162e-008	-1.277588e-009
5.190000e+000	-8.880956e-001	4.596589e-001	4.596588e-001	-4.571376e-008	-1.304839e-009
5.200000e+000	-8.834547e-001	4.685167e-001	4.685167e-001	-4.634404e-008	-1.380012e-009
5.210000e+000	-8.787254e-001	4.773277e-001	4.773276e-001	-4.572917e-008	-1.320246e-009
5.220000e+000	-8.739083e-001	4.860909e-001	4.860909e-001	-4.566252e-008	-1.808709e-009
5.230000e+000	-8.690037e-001	4.948056e-001	4.948055e-001	-4.538474e-008	-1.530927e-009
5.240000e+000	-8.640123e-001	5.034707e-001	5.034707e-001	-4.482675e-008	-1.528050e-009
5.250000e+000	-8.589345e-001	5.120855e-001	5.120855e-001	-4.452262e-008	-1.223924e-009
5.260000e+000	-8.537708e-001	5.206491e-001	5.206491e-001	-4.441270e-008	-1.669109e-009
5.270000e+000	-8.485217e-001	5.291607e-001	5.291606e-001	-4.375743e-008	-1.568955e-009
5.280000e+000	-8.431877e-001	5.376193e-001	5.376192e-001	-4.438244e-008	-1.638856e-009
5.290000e+000	-8.377695e-001	5.460241e-001	5.460241e-001	-4.282183e-008	-1.188469e-009
5.300000e+000	-8.322674e-001	5.543744e-001	5.543743e-001	-4.355627e-008	-1.367800e-009
5.310000e+000	-8.266822e-001	5.626692e-001	5.626692e-001	-4.227562e-008	-1.197371e-009
5.320000e+000	-8.210142e-001	5.709077e-001	5.709077e-001	-4.244876e-008	-1.925616e-009
5.330000e+000	-8.152642e-001	5.790892e-001	5.790892e-001	-4.302818e-008	-1.949930e-009
5.340000e+000	-8.094327e-001	5.872128e-001	5.872127e-001	-4.280854e-008	-1.730286e-009
5.350000e+000	-8.035202e-001	5.952776e-001	5.952775e-001	-4.145500e-008	-1.486975e-009
5.360000e+000	-7.975273e-001	6.032829e-001	6.032829e-001	-4.164252e-008	-1.674489e-009
5.370000e+000	-7.914547e-001	6.112279e-001	6.112278e-001	-4.120356e-008	-1.790646e-009
5.380000e+000	-7.853030e-001	6.191117e-001	6.191117e-001	-4.081968e-008	-1.406761e-009
5.390000e+000	-7.790727e-001	6.269337e-001	6.269336e-001	-4.172156e-008	-1.753535e-009
5.400000e+000	-7.727645e-001	6.346929e-001	6.346929e-001	-4.005913e-008	-1.756437e-009
5.410000e+000	-7.663790e-001	6.423887e-001	6.423887e-001	-4.014596e-008	-1.843264e-009
5.420000e+000	-7.599169e-001	6.500202e-001	6.500202e-001	-3.994880e-008	-2.201217e-009
5.430000e+000	-7.533788e-001	6.575868e-001	6.575867e-001	-3.878219e-008	-1.589722e-009
5.440000e+000	-7.467654e-001	6.650876e-001	6.650875e-001	-3.834236e-008	-1.705005e-009
5.450000e+000	-7.400773e-001	6.725218e-001	6.725218e-001	-3.930090e-008	-2.108428e-009
5.460000e+000	-7.333152e-001	6.798889e-001	6.798888e-001	-3.900929e-008	-1.816814e-009
5.470000e+000	-7.264798e-001	6.871879e-001	6.871879e-001	-3.808592e-008	-2.003667e-009
5.480000e+000	-7.195717e-001	6.944182e-001	6.944182e-001	-3.701174e-008	-1.484604e-009
5.490000e+000	-7.125916e-001	7.015791e-001	7.015791e-001	-3.716751e-008	-2.195488e-009
5.500000e+000	-7.055403e-001	7.086698e-001	7.086698e-001	-3.743081e-008	-1.903673e-009
5.510000e+000	-6.984185e-001	7.156897e-001	7.156896e-001	-3.743509e-008	-2.463069e-009
5.520000e+000	-6.912268e-001	7.226379e-001	7.226379e-001	-3.638859e-008	-1.971675e-009
5.530000e+000	-6.839660e-001	7.295140e-001	7.295139e-001	-3.633475e-008	-1.917835e-009
5.540000e+000	-6.766367e-001	7.363170e-001	7.363170e-001	-3.542144e-008	-2.114745e-009
5.550000e+000	-6.692399e-001	7.430465e-001	7.430464e-001	-3.560373e-008	-1.741923e-009
5.560000e+000	-6.617761e-001	7.497016e-001	7.497016e-001	-3.591454e-008	-2.052738e-009
5.570000e+000	-6.542461e-001	7.562818e-001	7.562817e-001	-3.461780e-008	-1.866218e-009
5.580000e+000	-6.466507e-001	7.627863e-001	7.627863e-001	-3.469298e-008	-1.941399e-009
5.590000e+000	-6.389906e-001	7.692146e-001	7.692145e-001	-3.377732e-008	-2.135961e-009
5.600000e+000	-6.312666e-001	7.755659e-001	7.755659e-001	-3.409277e-008	-2.451413e-009
5.610000e+000	-6.234795e-001	7.818397e-001	7.818397e-001	-3.349994e-008	-2.413693e-009
5.620000e+000	-6.156301e-001	7.880353e-001	7.880353e-001	-3.320613e-008	-2.674995e-009
5.630000e+000	-6.077191e-001	7.941521e-001	7.941521e-001	-3.215150e-008	-2.175476e-009
5.640000e+000	-5.997473e-001	8.001895e-001	8.001894e-001	-3.249821e-008	-2.522185e-009
5.650000e+000	-5.917156e-001	8.061468e-001	8.061468e-001	-3.179770e-008	-1.821679e-009
5.660000e+000	-5.836247e-001	8.120236e-001	8.120236e-001	-3.070189e-008	-2.391207e-009
5.670000e+000	-5.754754e-001	8.178191e-001	8.178191e-001	-3.068315e-008	-2.372463e-009
5.680000e+000	-5.672686e-001	8.235329e-001	8.235329e-001	-3.064485e-008	-2.334160e-009
5.690000e+000	-5.590050e-001	8.291643e-001	8.291643e-001	-3.019409e-008	-2.438519e-009
5.700000e+000	-5.506855e-001	8.347128e-001	8.347128e-001	-2.958459e-008	-2.384129e-009
5.710000e+000	-5.423110e-001	8.401778e-001	8.401778e-001	-2.855010e-008	-1.904748e-009
5.720000e+000	-5.338823e-001	8.455589e-001	8.455588e-001	-2.846939e-008	-2.379152e-009
5.730000e+000	-5.254001e-001	8.508553e-001	8.508553e-001	-2.898095e-008	-2.335594e-009
5.740000e+000	-5.168654e-001	8.560667e-001	8.560667e-001	-2.903935e-008	-2.393999e-009
5.750000e+000	-5.082791e-001	8.611924e-001	8.611924e-001	-2.797257e-008	-2.437441e-009
5.760000e+000	-4.996419e-001	8.662321e-001	8.662321e-001	-2.765027e-008	-2.392700e-009
5.770000e+000	-4.909547e-001	8.711851e-001	8.711851e-001	-2.688146e-008	-2.456558e-009
5.780000e+000	-4.822185e-001	8.760510e-001	8.760510e-001	-2.691520e-008	-2.490296e-009
5.790000e+000	-4.734340e-001	8.808293e-001	8.808293e-001	-2.583995e-008	-2.247715e-009
5.800000e+000	-4.646022e-001	8.855195e-001	8.855195e-001	-2.575139e-008	-2.436704e-009
5.810000e+000	-4.557239e-001	8.901212e-001	8.901212e-001	-2.548814e-008	-2.451013e-009
5.820000e+000	-4.468001e-001	8.946339e-001	8.946338e-001	-2.502581e-008	-2.543795e-009
5.830000e+000	-4.378315e-001	8.990571e-001	8.990570e-001	-2.432071e-008	-2.393810e-009
5.840000e+000	-4.288192e-001	9.033904e-001	9.033903e-001	-2.437499e-008	-2.725640e-009
5.850000e+000	-4.197640e-001	9.076333e-001	9.076333e-001	-2.330657e-008	-2.489892e-009
5.860000e+000	-4.106668e-001	9.117855e-001	9.117855e-001	-2.296722e-008	-2.705654e-009
5.870000e+000	-4.015286e-001	9.158465e-001	9.158465e-001	-2.279385e-008	-2.532280e-009
5.880000e+000	-3.923502e-001	9.198159e-001	9.198159e-001	-2.198744e-008	-2.558540e-009
5.890000e+000	-3.831326e-001	9.236934e-001	9.236934e-001	-2.169291e-008	-2.541566e-009
5.900000e+000	-3.738767e-001	9.274785e-001	9.274784e-001	-2.162873e-008	-2.754935e-009
5.910000e+000	-3.645833e-001	9.311708e-001	9.311708e-001	-2.060324e-008	-2.562117e-009
5.920000e+000	-3.552536e-001	9.347700e-001	9.347700e-001	-2.036264e-008	-2.599070e-009
5.930000e+000	-3.458883e-001	9.382757e-001	9.382757e-001	-2.000289e-008	-2.794430e-009
5.940000e+000	-3.364884e-001	9.416876e-001	9.416876e-001	-1.926442e-008	-2.611071e-009
5.950000e+000	-3.270548e-001	9.450054e-001	9.450054e-001	-1.905218e-008	-2.676387e-009
5.960000e+000	-3.175886e-001	9.482286e-001	9.482286e-001	-1.862596e-008	-2.805281e-009
5.970000e+000	-3.080906e-001	9.513571e-001	9.513570e-001	-1.834278e-008	-2.799654e-009
5.980000e+000	-2.985617e-001	9.543903e-001	9.543903e-001	-1.795930e-008	-2.693731e-009
5.990000e+000	-2.890031e-001	9.573282e-001	9.573282e-001	-1.715568e-008	-2.722777e-009
6.000000e+000	-2.794155e-001	9.601703e-001	9.601703e-001	-1.661544e-008	-2.737653e-009
6.010000e+000	-2.698000e-001	9.629164e-001	9.629164e-001	-1.577567e-008	-2.452994e-009
6.020000e+000	-2.601575e-001	9.655662e-001	9.655662e-001	-1.557413e-008	-2.806564e-009
6.030000e+000	-2.504890e-001	9.681195e-001	9.681195e-001	-1.509114e-008	-2.601132e-009
6.040000e+000	-2.407954e-001	9.705759e-001	9.705759e-001	-1.457620e-008	-2.641307e-009
6.050000e+000	-2.310778e-001	9.729353e-001	9.729353e-001	-1.431223e-008	-2.654892e-009
6.060000e+000	-2.213370e-001	9.751974e-001	9.751974e-001	-1.375833e-008	-2.794880e-009
6.070000e+000	-2.115742e-001	9.773620e-001	9.773619e-001	-1.319153e-008	-2.783189e-009
6.080000e+000	-2.017901e-001	9.794288e-001	9.794288e-001	-1.285150e-008	-2.720712e-009
6.090000e+000	-1.919859e-001	9.813977e-001	9.813977e-001	-1.236379e-008	-2.788116e-009
6.100000e+000	-1.821625e-001	9.832685e-001	9.832684e-001	-1.182940e-008	-2.808837e-009
6.110000e+000	-1.723209e-001	9.850409e-001	9.850409e-001	-1.152751e-008	-2.784506e-009
6.120000e+000	-1.624620e-001	9.867148e-001	9.867148e-001	-1.078658e-008	-2.737462e-009
6.130000e+000	-1.525869e-001	9.882901e-001	9.882901e-001	-1.046459e-008	-2.831809e-009
6.140000e+000	-1.426965e-001	9.897665e-001	9.897665e-001	-9.879232e-009	-2.662782e-009
6.150000e+000	-1.327919e-001	9.911439e-001	9.911439e-001	-9.567673e-009	-2.906335e-009
6.160000e+000	-1.228740e-001	9.924223e-001	9.924223e-001	-9.051377e-009	-2.806372e-009
6.170000e+000	-1.129438e-001	9.936014e-001	9.936014e-001	-8.348868e-009	-2.797753e-009
6.180000e+000	-1.030023e-001	9.946811e-001	9.946811e-001	-7.962957e-009	-2.758787e-009
6.190000e+000	-9.305050e-002	9.956614e-001	9.956614e-001	-7.342389e-009	-2.762719e-009
6.200000e+000	-8.308940e-002	9.965421e-001	9.965421e-001	-6.952718e-009	-2.858771e-009
6.210000e+000	-7.311999e-002	9.973232e-001	9.973232e-001	-6.323610e-009	-2.784774e-009
6.220000e+000	-6.314327e-002	9.980045e-001	9.980045e-001	-5.844151e-009	-2.791037e-009
6.230000e+000	-5.316024e-002	9.985860e-001	9.985860e-001	-5.436647e-009	-2.799867e-009
6.240000e+000	-4.317189e-002	9.990677e-001	9.990677e-001	-4.896755e-009	-2.780392e-009
6.250000e+000	-3.317922e-002	9.994494e-001	9.994494e-001	-4.442779e-009	-2.777445e-009
6.260000e+000	-2.318323e-002	9.997312e-001	9.997312e-001	-3.947576e-009	-2.802659e-009
6.270000e+000	-1.318493e-002	9.999131e-001	9.999131e-001	-3.472501e-009	-2.804633e-009
6.280000e+000	-3.185302e-003	9.999949e-001	9.999949e-001	-2.965352e-009	-2.804890e-009
