x	sin(x)	Ff	Fc	cos(x)-Ff	cos(x)-Fc
0.000000e+000	0.000000e+000	1.419546e-007	1.419546e-007	9.999999e-001	9.999999e-001
1.000000e-002	9.999833e-003	1.418463e-007	1.419475e-007	9.999499e-001	9.999499e-001
2.000000e-002	1.999867e-002	1.417237e-007	1.419262e-007	9.997999e-001	9.997999e-001
3.000000e-002	2.999550e-002	1.415870e-007	1.418908e-007	9.995499e-001	9.995499e-001
4.000000e-002	3.998933e-002	1.414361e-007	1.418411e-007	9.992000e-001	9.992000e-001
5.000000e-002	4.997917e-002	1.412711e-007	1.417772e-007	9.987501e-001	9.987501e-001
6.000000e-002	5.996401e-002	1.410919e-007	1.416992e-007	9.982004e-001	9.982004e-001
7.000000e-002	6.994285e-002	1.408987e-007	1.416070e-007	9.975509e-001	9.975509e-001
8.000000e-002	7.991469e-002	1.406913e-007	1.415006e-007	9.968016e-001	9.968016e-001
9.000000e-002	8.987855e-002	1.404699e-007	1.413801e-007	9.959526e-001	9.959526e-001
1.000000e-001	9.983342e-002	1.402344e-007	1.412454e-007	9.950040e-001	9.950040e-001
1.100000e-001	1.097783e-001	1.399850e-007	1.410967e-007	9.939560e-001	9.939560e-001
1.200000e-001	1.197122e-001	1.397215e-007	1.409338e-007	9.928085e-001	9.928085e-001
1.300000e-001	1.296341e-001	1.394440e-007	1.407568e-007	9.915618e-001	9.915618e-001
1.400000e-001	1.395431e-001	1.391526e-007	1.405657e-007	9.902159e-001	9.902159e-001
1.500000e-001	1.494381e-001	1.388473e-007	1.403606e-007	9.887709e-001	9.887709e-001
1.600000e-001	1.593182e-001	1.385281e-007	1.401415e-007	9.872271e-001	9.872271e-001
1.700000e-001	1.691823e-001	1.381950e-007	1.399083e-007	9.855846e-001	9.855846e-001
1.800000e-001	1.790296e-001	1.378482e-007	1.396612e-007	9.838436e-001	9.838436e-001
1.900000e-001	1.888589e-001	1.374875e-007	1.394000e-007	9.820041e-001	9.820041e-001
2.000000e-001	1.986693e-001	1.371131e-007	1.391250e-007	9.800664e-001	9.800664e-001
2.100000e-001	2.084599e-001	1.367250e-007	1.388360e-007	9.780308e-001	9.780308e-001
2.200000e-001	2.182296e-001	1.363232e-007	1.385332e-007	9.758973e-001	9.758973e-001
2.300000e-001	2.279775e-001	1.359078e-007	1.382165e-007	9.736663e-001	9.736663e-001
2.400000e-001	2.377026e-001	1.354787e-007	1.378859e-007	9.713378e-001	9.713378e-001
2.500000e-001	2.474040e-001	1.350362e-007	1.375416e-007	9.689123e-001	9.689123e-001
2.600000e-001	2.570806e-001	1.345801e-007	1.371835e-007	9.663898e-001	9.663898e-001
2.700000e-001	2.667314e-001	1.341106e-007	1.368117e-007	9.637708e-001	9.637708e-001
2.800000e-001	2.763556e-001	1.336277e-007	1.364263e-007	9.610553e-001	9.610553e-001
2.900000e-001	2.859522e-001	1.331314e-007	1.360272e-007	9.582437e-001	9.582437e-001
3.000000e-001	2.955202e-001	1.326218e-007	1.356144e-007	9.553364e-001	9.553364e-001
3.100000e-001	3.050586e-001	1.320989e-007	1.351882e-007	9.523334e-001	9.523334e-001
3.200000e-001	3.145666e-001	1.315628e-007	1.347484e-007	9.492353e-001	9.492353e-001
3.300000e-001	3.240430e-001	1.310136e-007	1.342951e-007	9.460422e-001	9.460422e-001
3.400000e-001	3.334871e-001	1.304512e-007	1.338284e-007	9.427545e-001	9.427545e-001
3.500000e-001	3.428978e-001	1.298758e-007	1.333483e-007	9.393726e-001	9.393726e-001
3.600000e-001	3.522742e-001	1.292875e-007	1.328549e-007	9.358967e-001	9.358967e-001
3.700000e-001	3.616154e-001	1.286862e-007	1.323482e-007	9.323272e-001	9.323272e-001
3.800000e-001	3.709205e-001	1.280720e-007	1.318282e-007	9.286645e-001	9.286645e-001
3.900000e-001	3.801884e-001	1.274450e-007	1.312951e-007	9.249089e-001	9.249089e-001
4.000000e-001	3.894183e-001	1.268053e-007	1.307489e-007	9.210609e-001	9.210609e-001
4.100000e-001	3.986093e-001	1.261529e-007	1.301895e-007	9.171207e-001	9.171207e-001
4.200000e-001	4.077605e-001	1.254879e-007	1.296172e-007	9.130888e-001	9.130888e-001
4.300000e-001	4.168708e-001	1.248103e-007	1.290319e-007	9.089656e-001	9.089656e-001
4.400000e-001	4.259395e-001	1.241203e-007	1.284337e-007	9.047515e-001	9.047515e-001
4.500000e-001	4.349655e-001	1.234178e-007	1.278226e-007	9.004470e-001	9.004470e-001
4.600000e-001	4.439481e-001	1.227030e-007	1.271988e-007	8.960524e-001	8.960524e-001
4.700000e-001	4.528863e-001	1.219759e-007	1.265622e-007	8.915682e-001	8.915682e-001
4.800000e-001	4.617792e-001	1.212367e-007	1.259130e-007	8.869948e-001	8.869948e-001
4.900000e-001	4.706259e-001	1.204853e-007	1.252512e-007	8.823327e-001	8.823327e-001
5.000000e-001	4.794255e-001	1.197218e-007	1.245769e-007	8.775824e-001	8.775824e-001
5.100000e-001	4.881772e-001	1.189464e-007	1.238901e-007	8.727444e-001	8.727444e-001
5.200000e-001	4.968801e-001	1.181591e-007	1.231909e-007	8.678191e-001	8.678191e-001
5.300000e-001	5.055333e-001	1.173600e-007	1.224795e-007	8.628070e-001	8.628069e-001
5.400000e-001	5.141360e-001	1.165491e-007	1.217557e-007	8.577086e-001	8.577086e-001
5.500000e-001	5.226872e-001	1.157266e-007	1.210198e-007	8.525244e-001	8.525244e-001
5.600000e-001	5.311862e-001	1.148925e-007	1.202718e-007	8.472550e-001	8.472550e-001
5.700000e-001	5.396320e-001	1.140470e-007	1.195117e-007	8.419009e-001	8.419009e-001
5.800000e-001	5.480239e-001	1.131900e-007	1.187397e-007	8.364625e-001	8.364625e-001
5.900000e-001	5.563610e-001	1.123217e-007	1.179559e-007	8.309406e-001	8.309406e-001
6.000000e-001	5.646425e-001	1.114422e-007	1.171602e-007	8.253355e-001	8.253355e-001
6.100000e-001	5.728675e-001	1.105515e-007	1.163528e-007	8.196479e-001	8.196479e-001
6.200000e-001	5.810352e-001	1.096498e-007	1.155338e-007	8.138783e-001	8.138783e-001
6.300000e-001	5.891448e-001	1.087371e-007	1.147032e-007	8.080274e-001	8.080274e-001
6.400000e-001	5.971954e-001	1.078135e-007	1.138612e-007	8.020957e-001	8.020956e-001
6.500000e-001	6.051864e-001	1.068792e-007	1.130078e-007	7.960837e-001	7.960837e-001
6.600000e-001	6.131169e-001	1.059341e-007	1.121431e-007	7.899921e-001	7.899921e-001
6.700000e-001	6.209860e-001	1.049785e-007	1.112671e-007	7.838216e-001	7.838216e-001
6.800000e-001	6.287930e-001	1.040124e-007	1.103800e-007	7.775726e-001	7.775726e-001
6.900000e-001	6.365372e-001	1.030358e-007	1.094819e-007	7.712459e-001	7.712459e-001
7.000000e-001	6.442177e-001	1.020490e-007	1.085729e-007	7.648421e-001	7.648421e-001
7.100000e-001	6.518338e-001	1.010520e-007	1.076530e-007	7.583618e-001	7.583618e-001
7.200000e-001	6.593847e-001	1.000448e-007	1.067223e-007	7.518056e-001	7.518056e-001
7.300000e-001	6.668696e-001	9.902767e-008	1.057810e-007	7.451743e-001	7.451743e-001
7.400000e-001	6.742879e-001	9.800062e-008	1.048290e-007	7.384685e-001	7.384685e-001
7.500000e-001	6.816388e-001	9.696377e-008	1.038666e-007	7.316888e-001	7.316888e-001
7.600000e-001	6.889214e-001	9.591723e-008	1.028938e-007	7.248359e-001	7.248359e-001
7.700000e-001	6.961352e-001	9.486109e-008	1.019107e-007	7.179106e-001	7.179106e-001
7.800000e-001	7.032794e-001	9.379547e-008	1.009175e-007	7.109134e-001	7.109134e-001
7.900000e-001	7.103533e-001	9.272047e-008	9.991410e-008	7.038452e-001	7.038452e-001
8.000000e-001	7.173561e-001	9.163619e-008	9.890074e-008	6.967066e-001	6.967066e-001
8.100000e-001	7.242872e-001	9.054275e-008	9.787749e-008	6.894983e-001	6.894983e-001
8.200000e-001	7.311458e-001	8.944026e-008	9.684446e-008	6.822211e-001	6.822211e-001
8.300000e-001	7.379314e-001	8.832882e-008	9.580174e-008	6.748757e-001	6.748757e-001
8.400000e-001	7.446431e-001	8.720856e-008	9.474944e-008	6.674627e-001	6.674627e-001
8.500000e-001	7.512804e-001	8.607957e-008	9.368766e-008	6.599831e-001	6.599831e-001
8.600000e-001	7.578426e-001	8.494197e-008	9.261652e-008	6.524374e-001	6.524374e-001
8.700000e-001	7.643289e-001	8.379588e-008	9.153611e-008	6.448265e-001	6.448265e-001
8.800000e-001	7.707389e-001	8.264140e-008	9.044655e-008	6.371511e-001	6.371511e-001
8.900000e-001	7.770717e-001	8.147867e-008	8.934795e-008	6.294119e-001	6.294119e-001
9.000000e-001	7.833269e-001	8.030779e-008	8.824041e-008	6.216099e-001	6.216099e-001
9.100000e-001	7.895037e-001	7.912887e-008	8.712405e-008	6.137457e-001	6.137457e-001
9.200000e-001	7.956016e-001	7.794204e-008	8.599897e-008	6.058201e-001	6.058201e-001
9.300000e-001	8.016199e-001	7.674742e-008	8.486530e-008	5.978339e-001	5.978339e-001
9.400000e-001	8.075581e-001	7.554513e-008	8.372314e-008	5.897879e-001	5.897879e-001
9.500000e-001	8.134155e-001	7.433528e-008	8.257261e-008	5.816830e-001	5.816830e-001
9.600000e-001	8.191916e-001	7.311799e-008	8.141382e-008	5.735199e-001	5.735199e-001
9.700000e-001	8.248857e-001	7.189340e-008	8.024688e-008	5.652995e-001	5.652995e-001
9.800000e-001	8.304974e-001	7.066161e-008	7.907193e-008	5.570225e-001	5.570225e-001
9.900000e-001	8.360260e-001	6.942276e-008	7.788907e-008	5.486898e-001	5.486898e-001
1.000000e+000	8.414710e-001	6.817697e-008	7.669841e-008	5.403022e-001	5.403022e-001
1.010000e+000	8.468318e-001	6.692436e-008	7.550009e-008	5.318607e-001	5.318606e-001
1.020000e+000	8.521080e-001	6.566506e-008	7.429422e-008	5.233659e-001	5.233659e-001
1.030000e+000	8.572990e-001	6.439919e-008	7.308092e-008	5.148188e-001	5.148188e-001
1.040000e+000	8.624042e-001	6.312688e-008	7.186031e-008	5.062202e-001	5.062202e-001
1.050000e+000	8.674232e-001	6.184826e-008	7.063251e-008	4.975710e-001	4.975710e-001
1.060000e+000	8.723555e-001	6.056345e-008	6.939765e-008	4.888720e-001	4.888720e-001
1.070000e+000	8.772005e-001	5.927259e-008	6.815586e-008	4.801242e-001	4.801242e-001
1.080000e+000	8.819578e-001	5.797580e-008	6.690724e-008	4.713283e-001	4.713283e-001
1.090000e+000	8.866269e-001	5.667321e-008	6.565194e-008	4.624853e-001	4.624853e-001
1.100000e+000	8.912074e-001	5.536495e-008	6.439007e-008	4.535961e-001	4.535961e-001
1.110000e+000	8.956987e-001	5.405116e-008	6.312176e-008	4.446615e-001	4.446615e-001
1.120000e+000	9.001004e-001	5.273197e-008	6.184714e-008	4.356824e-001	4.356824e-001
1.130000e+000	9.044122e-001	5.140750e-008	6.056633e-008	4.266598e-001	4.266597e-001
1.140000e+000	9.086335e-001	5.007789e-008	5.927947e-008	4.175945e-001	4.175944e-001
1.150000e+000	9.127639e-001	4.874327e-008	5.798668e-008	4.084874e-001	4.084874e-001
1.160000e+000	9.168031e-001	4.740378e-008	5.668809e-008	3.993395e-001	3.993395e-001
1.170000e+000	9.207506e-001	4.605954e-008	5.538384e-008	3.901516e-001	3.901516e-001
1.180000e+000	9.246060e-001	4.471070e-008	5.407404e-008	3.809248e-001	3.809248e-001
1.190000e+000	9.283690e-001	4.335740e-008	5.275884e-008	3.716598e-001	3.716598e-001
1.200000e+000	9.320391e-001	4.199975e-008	5.143836e-008	3.623577e-001	3.623577e-001
1.210000e+000	9.356160e-001	4.063790e-008	5.011274e-008	3.530194e-001	3.530194e-001
1.220000e+000	9.390994e-001	3.927200e-008	4.878210e-008	3.436457e-001	3.436457e-001
1.230000e+000	9.424888e-001	3.790216e-008	4.744659e-008	3.342377e-001	3.342377e-001
1.240000e+000	9.457840e-001	3.652853e-008	4.610634e-008	3.247962e-001	3.247962e-001
1.250000e+000	9.489846e-001	3.515125e-008	4.476147e-008	3.153223e-001	3.153223e-001
1.260000e+000	9.520903e-001	3.377046e-008	4.341213e-008	3.058169e-001	3.058169e-001
1.270000e+000	9.551009e-001	3.238629e-008	4.205844e-008	2.962808e-001	2.962808e-001
1.280000e+000	9.580159e-001	3.099888e-008	4.070055e-008	2.867152e-001	2.867152e-001
1.290000e+000	9.608351e-001	2.960837e-008	3.933859e-008	2.771208e-001	2.771208e-001
1.300000e+000	9.635582e-001	2.821490e-008	3.797270e-008	2.674988e-001	2.674988e-001
1.310000e+000	9.661850e-001	2.681861e-008	3.660301e-008	2.578500e-001	2.578500e-001
1.320000e+000	9.687151e-001	2.541963e-008	3.522965e-008	2.481754e-001	2.481754e-001
1.330000e+000	9.711484e-001	2.401812e-008	3.385278e-008	2.384760e-001	2.384760e-001
1.340000e+000	9.734845e-001	2.261420e-008	3.247252e-008	2.287528e-001	2.287528e-001
1.350000e+000	9.757234e-001	2.120802e-008	3.108901e-008	2.190067e-001	2.190067e-001
1.360000e+000	9.778646e-001	1.979972e-008	2.970240e-008	2.092386e-001	2.092386e-001
1.370000e+000	9.799081e-001	1.838944e-008	2.831281e-008	1.994497e-001	1.994497e-001
1.380000e+000	9.818535e-001	1.697732e-008	2.692039e-008	1.896408e-001	1.896408e-001
1.390000e+000	9.837008e-001	1.556350e-008	2.552528e-008	1.798130e-001	1.798130e-001
1.400000e+000	9.854497e-001	1.414813e-008	2.412762e-008	1.699671e-001	1.699671e-001
1.410000e+000	9.871001e-001	1.273134e-008	2.272755e-008	1.601043e-001	1.601043e-001
1.420000e+000	9.886518e-001	1.131328e-008	2.132520e-008	1.502255e-001	1.502254e-001
1.430000e+000	9.901046e-001	9.894091e-009	1.992072e-008	1.403316e-001	1.403316e-001
1.440000e+000	9.914583e-001	8.473909e-009	1.851425e-008	1.304237e-001	1.304237e-001
1.450000e+000	9.927130e-001	7.052880e-009	1.710593e-008	1.205028e-001	1.205028e-001
1.460000e+000	9.938684e-001	5.631146e-009	1.569589e-008	1.105698e-001	1.105698e-001
1.470000e+000	9.949243e-001	4.208849e-009	1.428429e-008	1.006257e-001	1.006257e-001
1.480000e+000	9.958808e-001	2.786131e-009	1.287126e-008	9.067162e-002	9.067161e-002
1.490000e+000	9.967378e-001	1.363134e-009	1.145694e-008	8.070845e-002	8.070844e-002
1.500000e+000	9.974950e-001	-5.999869e-011	1.004147e-008	7.073720e-002	7.073719e-002
1.510000e+000	9.981525e-001	-1.483126e-009	8.625004e-009	6.075888e-002	6.075887e-002
1.520000e+000	9.987101e-001	-2.906104e-009	7.207673e-009	5.077449e-002	5.077448e-002
1.530000e+000	9.991679e-001	-4.328793e-009	5.789621e-009	4.078502e-002	4.078501e-002
1.540000e+000	9.995258e-001	-5.751048e-009	4.370990e-009	3.079146e-002	3.079145e-002
1.550000e+000	9.997838e-001	-7.172728e-009	2.951922e-009	2.079483e-002	2.079482e-002
1.560000e+000	9.999417e-001	-8.593691e-009	1.532559e-009	1.079613e-002	1.079612e-002
1.570000e+000	9.999997e-001	-1.001379e-008	1.130423e-010	7.963367e-004	7.963266e-004
1.580000e+000	9.999576e-001	-1.143290e-008	-1.306486e-009	-9.203532e-003	-9.203542e-003
1.590000e+000	9.998156e-001	-1.285086e-008	-2.725883e-009	-1.920248e-002	-1.920249e-002
1.600000e+000	9.995736e-001	-1.426753e-008	-4.145007e-009	-2.919951e-002	-2.919952e-002
1.610000e+000	9.992316e-001	-1.568278e-008	-5.563717e-009	-3.919362e-002	-3.919363e-002
1.620000e+000	9.987897e-001	-1.709645e-008	-6.981871e-009	-4.918380e-002	-4.918381e-002
1.630000e+000	9.982480e-001	-1.850842e-008	-8.399327e-009	-5.916908e-002	-5.916909e-002
1.640000e+000	9.976064e-001	-1.991854e-008	-9.815942e-009	-6.914843e-002	-6.914844e-002
1.650000e+000	9.968650e-001	-2.132667e-008	-1.123158e-008	-7.912087e-002	-7.912088e-002
1.660000e+000	9.960240e-001	-2.273266e-008	-1.264609e-008	-8.908539e-002	-8.908540e-002
1.670000e+000	9.950833e-001	-2.413638e-008	-1.405933e-008	-9.904101e-002	-9.904102e-002
1.680000e+000	9.940432e-001	-2.553769e-008	-1.547117e-008	-1.089867e-001	-1.089867e-001
1.690000e+000	9.929037e-001	-2.693644e-008	-1.688147e-008	-1.189215e-001	-1.189216e-001
1.700000e+000	9.916648e-001	-2.833250e-008	-1.829007e-008	-1.288445e-001	-1.288445e-001
1.710000e+000	9.903268e-001	-2.972573e-008	-1.969685e-008	-1.387545e-001	-1.387545e-001
1.720000e+000	9.888898e-001	-3.111598e-008	-2.110165e-008	-1.486507e-001	-1.486507e-001
1.730000e+000	9.873538e-001	-3.250313e-008	-2.250435e-008	-1.585320e-001	-1.585320e-001
1.740000e+000	9.857192e-001	-3.388702e-008	-2.390480e-008	-1.683974e-001	-1.683974e-001
1.750000e+000	9.839859e-001	-3.526752e-008	-2.530285e-008	-1.782460e-001	-1.782460e-001
1.760000e+000	9.821543e-001	-3.664450e-008	-2.669838e-008	-1.880768e-001	-1.880768e-001
1.770000e+000	9.802245e-001	-3.801781e-008	-2.809123e-008	-1.978888e-001	-1.978888e-001
1.780000e+000	9.781966e-001	-3.938732e-008	-2.948128e-008	-2.076810e-001	-2.076810e-001
1.790000e+000	9.760709e-001	-4.075289e-008	-3.086838e-008	-2.174524e-001	-2.174524e-001
1.800000e+000	9.738476e-001	-4.211439e-008	-3.225239e-008	-2.272021e-001	-2.272021e-001
1.810000e+000	9.715270e-001	-4.347167e-008	-3.363317e-008	-2.369290e-001	-2.369290e-001
1.820000e+000	9.691091e-001	-4.482461e-008	-3.501060e-008	-2.466323e-001	-2.466323e-001
1.830000e+000	9.665944e-001	-4.617307e-008	-3.638452e-008	-2.563109e-001	-2.563109e-001
1.840000e+000	9.639830e-001	-4.751690e-008	-3.775480e-008	-2.659638e-001	-2.659638e-001
1.850000e+000	9.612752e-001	-4.885599e-008	-3.912131e-008	-2.755902e-001	-2.755902e-001
1.860000e+000	9.584713e-001	-5.019019e-008	-4.048391e-008	-2.851890e-001	-2.851890e-001
1.870000e+000	9.555715e-001	-5.151937e-008	-4.184245e-008	-2.947593e-001	-2.947593e-001
1.880000e+000	9.525762e-001	-5.284340e-008	-4.319682e-008	-3.043001e-001	-3.043001e-001
1.890000e+000	9.494856e-001	-5.416215e-008	-4.454686e-008	-3.138105e-001	-3.138105e-001
1.900000e+000	9.463001e-001	-5.547548e-008	-4.589245e-008	-3.232895e-001	-3.232895e-001
1.910000e+000	9.430199e-001	-5.678326e-008	-4.723345e-008	-3.327362e-001	-3.327362e-001
1.920000e+000	9.396455e-001	-5.808537e-008	-4.856973e-008	-3.421496e-001	-3.421496e-001
1.930000e+000	9.361771e-001	-5.938166e-008	-4.990115e-008	-3.515288e-001	-3.515288e-001
1.940000e+000	9.326150e-001	-6.067202e-008	-5.122758e-008	-3.608728e-001	-3.608728e-001
1.950000e+000	9.289597e-001	-6.195631e-008	-5.254888e-008	-3.701808e-001	-3.701808e-001
1.960000e+000	9.252115e-001	-6.323440e-008	-5.386493e-008	-3.794517e-001	-3.794517e-001
1.970000e+000	9.213708e-001	-6.450617e-008	-5.517560e-008	-3.886847e-001	-3.886847e-001
1.980000e+000	9.174380e-001	-6.577149e-008	-5.648075e-008	-3.978788e-001	-3.978788e-001
1.990000e+000	9.134134e-001	-6.703024e-008	-5.778025e-008	-4.070331e-001	-4.070331e-001
2.000000e+000	9.092974e-001	-6.828228e-008	-5.907397e-008	-4.161468e-001	-4.161468e-001
2.010000e+000	9.050906e-001	-6.952749e-008	-6.036178e-008	-4.252188e-001	-4.252188e-001
2.020000e+000	9.007932e-001	-7.076575e-008	-6.164356e-008	-4.342483e-001	-4.342483e-001
2.030000e+000	8.964057e-001	-7.199693e-008	-6.291918e-008	-4.432343e-001	-4.432344e-001
2.040000e+000	8.919287e-001	-7.322092e-008	-6.418850e-008	-4.521761e-001	-4.521761e-001
2.050000e+000	8.873624e-001	-7.443758e-008	-6.545140e-008	-4.610726e-001	-4.610726e-001
2.060000e+000	8.827074e-001	-7.564680e-008	-6.670776e-008	-4.699230e-001	-4.699230e-001
2.070000e+000	8.779641e-001	-7.684845e-008	-6.795745e-008	-4.787265e-001	-4.787265e-001
2.080000e+000	8.731330e-001	-7.804242e-008	-6.920034e-008	-4.874820e-001	-4.874820e-001
2.090000e+000	8.682146e-001	-7.922858e-008	-7.043631e-008	-4.961888e-001	-4.961888e-001
2.100000e+000	8.632094e-001	-8.040682e-008	-7.166524e-008	-5.048460e-001	-5.048460e-001
2.110000e+000	8.581178e-001	-8.157702e-008	-7.288700e-008	-5.134527e-001	-5.134527e-001
2.120000e+000	8.529405e-001	-8.273907e-008	-7.410148e-008	-5.220081e-001	-5.220081e-001
2.130000e+000	8.476778e-001	-8.389284e-008	-7.530854e-008	-5.305113e-001	-5.305113e-001
2.140000e+000	8.423304e-001	-8.503822e-008	-7.650807e-008	-5.389614e-001	-5.389614e-001
2.150000e+000	8.368988e-001	-8.617509e-008	-7.769995e-008	-5.473576e-001	-5.473576e-001
2.160000e+000	8.313835e-001	-8.730335e-008	-7.888407e-008	-5.556991e-001	-5.556991e-001
2.170000e+000	8.257850e-001	-8.842288e-008	-8.006029e-008	-5.639850e-001	-5.639850e-001
2.180000e+000	8.201039e-001	-8.953357e-008	-8.122851e-008	-5.722145e-001	-5.722145e-001
2.190000e+000	8.143409e-001	-9.063530e-008	-8.238860e-008	-5.803868e-001	-5.803868e-001
2.200000e+000	8.084964e-001	-9.172797e-008	-8.354046e-008	-5.885010e-001	-5.885010e-001
2.210000e+000	8.025711e-001	-9.281147e-008	-8.468396e-008	-5.965564e-001	-5.965564e-001
2.220000e+000	7.965655e-001	-9.388568e-008	-8.581899e-008	-6.045522e-001	-6.045522e-001
2.230000e+000	7.904802e-001	-9.495051e-008	-8.694544e-008	-6.124875e-001	-6.124875e-001
2.240000e+000	7.843159e-001	-9.600584e-008	-8.806320e-008	-6.203615e-001	-6.203615e-001
2.250000e+000	7.780732e-001	-9.705158e-008	-8.917215e-008	-6.281735e-001	-6.281735e-001
2.260000e+000	7.717527e-001	-9.808760e-008	-9.027219e-008	-6.359227e-001	-6.359227e-001
2.270000e+000	7.653550e-001	-9.911382e-008	-9.136319e-008	-6.436083e-001	-6.436083e-001
2.280000e+000	7.588807e-001	-1.001301e-007	-9.244506e-008	-6.512296e-001	-6.512296e-001
2.290000e+000	7.523306e-001	-1.011364e-007	-9.351769e-008	-6.587857e-001	-6.587857e-001
2.300000e+000	7.457052e-001	-1.021326e-007	-9.458096e-008	-6.662759e-001	-6.662759e-001
2.310000e+000	7.390053e-001	-1.031186e-007	-9.563478e-008	-6.736995e-001	-6.736995e-001
2.320000e+000	7.322314e-001	-1.040942e-007	-9.667903e-008	-6.810558e-001	-6.810558e-001
2.330000e+000	7.253844e-001	-1.050595e-007	-9.771362e-008	-6.883439e-001	-6.883439e-001
2.340000e+000	7.184648e-001	-1.060142e-007	-9.873843e-008	-6.955632e-001	-6.955632e-001
2.350000e+000	7.114734e-001	-1.069584e-007	-9.975337e-008	-7.027130e-001	-7.027130e-001
2.360000e+000	7.044108e-001	-1.078918e-007	-1.007583e-007	-7.097924e-001	-7.097925e-001
2.370000e+000	6.972777e-001	-1.088144e-007	-1.017532e-007	-7.168009e-001	-7.168010e-001
2.380000e+000	6.900750e-001	-1.097262e-007	-1.027379e-007	-7.237378e-001	-7.237378e-001
2.390000e+000	6.828032e-001	-1.106270e-007	-1.037124e-007	-7.306022e-001	-7.306022e-001
2.400000e+000	6.754632e-001	-1.115168e-007	-1.046765e-007	-7.373936e-001	-7.373936e-001
2.410000e+000	6.680556e-001	-1.123953e-007	-1.056301e-007	-7.441113e-001	-7.441113e-001
2.420000e+000	6.605812e-001	-1.132627e-007	-1.065731e-007	-7.507545e-001	-7.507545e-001
2.430000e+000	6.530408e-001	-1.141187e-007	-1.075055e-007	-7.573227e-001	-7.573227e-001
2.440000e+000	6.454350e-001	-1.149633e-007	-1.084271e-007	-7.638151e-001	-7.638151e-001
2.450000e+000	6.377647e-001	-1.157964e-007	-1.093379e-007	-7.702311e-001	-7.702311e-001
2.460000e+000	6.300306e-001	-1.166180e-007	-1.102377e-007	-7.765702e-001	-7.765702e-001
2.470000e+000	6.222336e-001	-1.174278e-007	-1.111266e-007	-7.828315e-001	-7.828315e-001
2.480000e+000	6.143743e-001	-1.182260e-007	-1.120043e-007	-7.890146e-001	-7.890146e-001
2.490000e+000	6.064535e-001	-1.190123e-007	-1.128708e-007	-7.951188e-001	-7.951188e-001
2.500000e+000	5.984721e-001	-1.197867e-007	-1.137260e-007	-8.011435e-001	-8.011435e-001
2.510000e+000	5.904309e-001	-1.205491e-007	-1.145699e-007	-8.070881e-001	-8.070881e-001
2.520000e+000	5.823306e-001	-1.212995e-007	-1.154023e-007	-8.129519e-001	-8.129519e-001
2.530000e+000	5.741721e-001	-1.220377e-007	-1.162232e-007	-8.187345e-001	-8.187345e-001
2.540000e+000	5.659562e-001	-1.227638e-007	-1.170324e-007	-8.244352e-001	-8.244352e-001
2.550000e+000	5.576837e-001	-1.234775e-007	-1.178299e-007	-8.300534e-001	-8.300534e-001
2.560000e+000	5.493554e-001	-1.241789e-007	-1.186157e-007	-8.355887e-001	-8.355887e-001
2.570000e+000	5.409722e-001	-1.248679e-007	-1.193896e-007	-8.410403e-001	-8.410403e-001
2.580000e+000	5.325349e-001	-1.255444e-007	-1.201515e-007	-8.464079e-001	-8.464079e-001
2.590000e+000	5.240443e-001	-1.262084e-007	-1.209015e-007	-8.516909e-001	-8.516909e-001
2.600000e+000	5.155014e-001	-1.268597e-007	-1.216393e-007	-8.568886e-001	-8.568886e-001
2.610000e+000	5.069069e-001	-1.274984e-007	-1.223650e-007	-8.620007e-001	-8.620007e-001
2.620000e+000	4.982616e-001	-1.281243e-007	-1.230785e-007	-8.670266e-001	-8.670266e-001
2.630000e+000	4.895666e-001	-1.287374e-007	-1.237796e-007	-8.719658e-001	-8.719658e-001
2.640000e+000	4.808226e-001	-1.293376e-007	-1.244684e-007	-8.768178e-001	-8.768178e-001
2.650000e+000	4.720305e-001	-1.299249e-007	-1.251447e-007	-8.815821e-001	-8.815821e-001
2.660000e+000	4.631913e-001	-1.304991e-007	-1.258085e-007	-8.862582e-001	-8.862582e-001
2.670000e+000	4.543057e-001	-1.310604e-007	-1.264597e-007	-8.908457e-001	-8.908457e-001
2.680000e+000	4.453746e-001	-1.316085e-007	-1.270983e-007	-8.953442e-001	-8.953442e-001
2.690000e+000	4.363991e-001	-1.321435e-007	-1.277241e-007	-8.997531e-001	-8.997531e-001
2.700000e+000	4.273799e-001	-1.326652e-007	-1.283372e-007	-9.040720e-001	-9.040720e-001
2.710000e+000	4.183179e-001	-1.331737e-007	-1.289375e-007	-9.083005e-001	-9.083005e-001
2.720000e+000	4.092142e-001	-1.336689e-007	-1.295248e-007	-9.124382e-001	-9.124382e-001
2.730000e+000	4.000695e-001	-1.341507e-007	-1.300993e-007	-9.164847e-001	-9.164847e-001
2.740000e+000	3.908848e-001	-1.346191e-007	-1.306607e-007	-9.204395e-001	-9.204395e-001
2.750000e+000	3.816610e-001	-1.350740e-007	-1.312090e-007	-9.243022e-001	-9.243022e-001
2.760000e+000	3.723990e-001	-1.355154e-007	-1.317442e-007	-9.280726e-001	-9.280726e-001
2.770000e+000	3.630998e-001	-1.359433e-007	-1.322663e-007	-9.317501e-001	-9.317501e-001
2.780000e+000	3.537643e-001	-1.363576e-007	-1.327751e-007	-9.353344e-001	-9.353345e-001
2.790000e+000	3.443935e-001	-1.367582e-007	-1.332706e-007	-9.388253e-001	-9.388253e-001
2.800000e+000	3.349882e-001	-1.371452e-007	-1.337528e-007	-9.422222e-001	-9.422222e-001
2.810000e+000	3.255493e-001	-1.375184e-007	-1.342217e-007	-9.455249e-001	-9.455249e-001
2.820000e+000	3.160780e-001	-1.378779e-007	-1.346771e-007	-9.487331e-001	-9.487331e-001
2.830000e+000	3.065750e-001	-1.382237e-007	-1.351190e-007	-9.518464e-001	-9.518464e-001
2.840000e+000	2.970414e-001	-1.385555e-007	-1.355475e-007	-9.548645e-001	-9.548645e-001
2.850000e+000	2.874780e-001	-1.388736e-007	-1.359623e-007	-9.577871e-001	-9.577871e-001
2.860000e+000	2.778859e-001	-1.391777e-007	-1.363636e-007	-9.606139e-001	-9.606139e-001
2.870000e+000	2.682661e-001	-1.394679e-007	-1.367513e-007	-9.633447e-001	-9.633447e-001
2.880000e+000	2.586193e-001	-1.397442e-007	-1.371252e-007	-9.659792e-001	-9.659792e-001
2.890000e+000	2.489468e-001	-1.400065e-007	-1.374855e-007	-9.685170e-001	-9.685170e-001
2.900000e+000	2.392493e-001	-1.402548e-007	-1.378320e-007	-9.709580e-001	-9.709580e-001
2.910000e+000	2.295279e-001	-1.404891e-007	-1.381647e-007	-9.733019e-001	-9.733019e-001
2.920000e+000	2.197836e-001	-1.407094e-007	-1.384836e-007	-9.755485e-001	-9.755485e-001
2.930000e+000	2.100173e-001	-1.409155e-007	-1.387887e-007	-9.776975e-001	-9.776975e-001
2.940000e+000	2.002300e-001	-1.411076e-007	-1.390799e-007	-9.797488e-001	-9.797488e-001
2.950000e+000	1.904226e-001	-1.412856e-007	-1.393572e-007	-9.817021e-001	-9.817021e-001
2.960000e+000	1.805963e-001	-1.414494e-007	-1.396205e-007	-9.835572e-001	-9.835572e-001
2.970000e+000	1.707518e-001	-1.415991e-007	-1.398699e-007	-9.853139e-001	-9.853139e-001
2.980000e+000	1.608903e-001	-1.417346e-007	-1.401053e-007	-9.869722e-001	-9.869722e-001
2.990000e+000	1.510127e-001	-1.418559e-007	-1.403267e-007	-9.885317e-001	-9.885317e-001
3.000000e+000	1.411200e-001	-1.419631e-007	-1.405340e-007	-9.899924e-001	-9.899924e-001
3.010000e+000	1.312132e-001	-1.420561e-007	-1.407273e-007	-9.913540e-001	-9.913540e-001
3.020000e+000	1.212933e-001	-1.421349e-007	-1.409065e-007	-9.926166e-001	-9.926166e-001
3.030000e+000	1.113612e-001	-1.421994e-007	-1.410717e-007	-9.937799e-001	-9.937799e-001
3.040000e+000	1.014180e-001	-1.422497e-007	-1.412227e-007	-9.948438e-001	-9.948438e-001
3.050000e+000	9.146464e-002	-1.422858e-007	-1.413596e-007	-9.958082e-001	-9.958082e-001
3.060000e+000	8.150215e-002	-1.423077e-007	-1.414824e-007	-9.966730e-001	-9.966730e-001
3.070000e+000	7.153151e-002	-1.423154e-007	-1.415910e-007	-9.974382e-001	-9.974382e-001
3.080000e+000	6.155372e-002	-1.423088e-007	-1.416854e-007	-9.981036e-001	-9.981036e-001
3.090000e+000	5.156977e-002	-1.422880e-007	-1.417657e-007	-9.986693e-001	-9.986693e-001
3.100000e+000	4.158066e-002	-1.422529e-007	-1.418319e-007	-9.991350e-001	-9.991350e-001
3.110000e+000	3.158740e-002	-1.422037e-007	-1.418838e-007	-9.995009e-001	-9.995009e-001
3.120000e+000	2.159098e-002	-1.421402e-007	-1.419215e-007	-9.997667e-001	-9.997667e-001
3.130000e+000	1.159239e-002	-1.420625e-007	-1.419451e-007	-9.999327e-001	-9.999327e-001
3.140000e+000	1.592653e-003	-1.419706e-007	-1.419544e-007	-9.999986e-001	-9.999986e-001
3.150000e+000	-8.407247e-003	-1.418645e-007	-1.419496e-007	-9.999645e-001	-9.999645e-001
3.160000e+000	-1.840631e-002	-1.417442e-007	-1.419306e-007	-9.998304e-001	-9.998304e-001
3.170000e+000	-2.840353e-002	-1.416097e-007	-1.418974e-007	-9.995964e-001	-9.995964e-001
3.180000e+000	-3.839790e-002	-1.414611e-007	-1.418499e-007	-9.992624e-001	-9.992624e-001
3.190000e+000	-4.838844e-002	-1.412983e-007	-1.417883e-007	-9.988285e-001	-9.988285e-001
3.200000e+000	-5.837414e-002	-1.411214e-007	-1.417126e-007	-9.982946e-001	-9.982946e-001
3.210000e+000	-6.835401e-002	-1.409304e-007	-1.416226e-007	-9.976610e-001	-9.976610e-001
3.220000e+000	-7.832703e-002	-1.407253e-007	-1.415185e-007	-9.969276e-001	-9.969276e-001
3.230000e+000	-8.829223e-002	-1.405061e-007	-1.414002e-007	-9.960945e-001	-9.960945e-001
3.240000e+000	-9.824859e-002	-1.402729e-007	-1.412678e-007	-9.951618e-001	-9.951618e-001
3.250000e+000	-1.081951e-001	-1.400256e-007	-1.411213e-007	-9.941295e-001	-9.941295e-001
3.260000e+000	-1.181309e-001	-1.397644e-007	-1.409607e-007	-9.929979e-001	-9.929979e-001
3.270000e+000	-1.280548e-001	-1.394891e-007	-1.407859e-007	-9.917670e-001	-9.917670e-001
3.280000e+000	-1.379659e-001	-1.392000e-007	-1.405971e-007	-9.904368e-001	-9.904368e-001
3.290000e+000	-1.478632e-001	-1.388969e-007	-1.403942e-007	-9.890077e-001	-9.890077e-001
3.300000e+000	-1.577457e-001	-1.385799e-007	-1.401773e-007	-9.874796e-001	-9.874796e-001
3.310000e+000	-1.676124e-001	-1.382490e-007	-1.399464e-007	-9.858528e-001	-9.858528e-001
3.320000e+000	-1.774624e-001	-1.379043e-007	-1.397015e-007	-9.841274e-001	-9.841274e-001
3.330000e+000	-1.872947e-001	-1.375459e-007	-1.394426e-007	-9.823036e-001	-9.823036e-001
3.340000e+000	-1.971082e-001	-1.371736e-007	-1.391697e-007	-9.803816e-001	-9.803816e-001
3.350000e+000	-2.069020e-001	-1.367877e-007	-1.388830e-007	-9.783615e-001	-9.783615e-001
3.360000e+000	-2.166751e-001	-1.363881e-007	-1.385823e-007	-9.762436e-001	-9.762436e-001
3.370000e+000	-2.264265e-001	-1.359748e-007	-1.382678e-007	-9.740281e-001	-9.740281e-001
3.380000e+000	-2.361553e-001	-1.355480e-007	-1.379395e-007	-9.717152e-001	-9.717152e-001
3.390000e+000	-2.458605e-001	-1.351076e-007	-1.375974e-007	-9.693051e-001	-9.693051e-001
3.400000e+000	-2.555411e-001	-1.346537e-007	-1.372415e-007	-9.667981e-001	-9.667981e-001
3.410000e+000	-2.651961e-001	-1.341863e-007	-1.368719e-007	-9.641944e-001	-9.641943e-001
3.420000e+000	-2.748247e-001	-1.337055e-007	-1.364886e-007	-9.614942e-001	-9.614942e-001
3.430000e+000	-2.844257e-001	-1.332113e-007	-1.360916e-007	-9.586979e-001	-9.586979e-001
3.440000e+000	-2.939983e-001	-1.327038e-007	-1.356811e-007	-9.558058e-001	-9.558058e-001
3.450000e+000	-3.035415e-001	-1.321830e-007	-1.352570e-007	-9.528181e-001	-9.528181e-001
3.460000e+000	-3.130544e-001	-1.316491e-007	-1.348193e-007	-9.497351e-001	-9.497351e-001
3.470000e+000	-3.225359e-001	-1.311019e-007	-1.343682e-007	-9.465571e-001	-9.465571e-001
3.480000e+000	-3.319852e-001	-1.305417e-007	-1.339036e-007	-9.432845e-001	-9.432845e-001
3.490000e+000	-3.414013e-001	-1.299683e-007	-1.334257e-007	-9.399175e-001	-9.399175e-001
3.500000e+000	-3.507832e-001	-1.293820e-007	-1.329344e-007	-9.364566e-001	-9.364566e-001
3.510000e+000	-3.601301e-001	-1.287828e-007	-1.324298e-007	-9.329020e-001	-9.329020e-001
3.520000e+000	-3.694410e-001	-1.281707e-007	-1.319119e-007	-9.292541e-001	-9.292541e-001
3.530000e+000	-3.787149e-001	-1.275457e-007	-1.313809e-007	-9.255133e-001	-9.255133e-001
3.540000e+000	-3.879509e-001	-1.269080e-007	-1.308367e-007	-9.216799e-001	-9.216799e-001
3.550000e+000	-3.971482e-001	-1.262576e-007	-1.302795e-007	-9.177544e-001	-9.177544e-001
3.560000e+000	-4.063057e-001	-1.255946e-007	-1.297092e-007	-9.137371e-001	-9.137371e-001
3.570000e+000	-4.154226e-001	-1.249191e-007	-1.291260e-007	-9.096284e-001	-9.096284e-001
3.580000e+000	-4.244980e-001	-1.242310e-007	-1.285298e-007	-9.054288e-001	-9.054288e-001
3.590000e+000	-4.335309e-001	-1.235305e-007	-1.279208e-007	-9.011386e-001	-9.011386e-001
3.600000e+000	-4.425204e-001	-1.228177e-007	-1.272990e-007	-8.967583e-001	-8.967583e-001
3.610000e+000	-4.514658e-001	-1.220926e-007	-1.266645e-007	-8.922883e-001	-8.922883e-001
3.620000e+000	-4.603659e-001	-1.213552e-007	-1.260173e-007	-8.877291e-001	-8.877291e-001
3.630000e+000	-4.692200e-001	-1.206058e-007	-1.253575e-007	-8.830812e-001	-8.830812e-001
3.640000e+000	-4.780272e-001	-1.198442e-007	-1.246851e-007	-8.783449e-001	-8.783449e-001
3.650000e+000	-4.867866e-001	-1.190707e-007	-1.240003e-007	-8.735208e-001	-8.735208e-001
3.660000e+000	-4.954974e-001	-1.182853e-007	-1.233031e-007	-8.686093e-001	-8.686093e-001
3.670000e+000	-5.041585e-001	-1.174881e-007	-1.225936e-007	-8.636110e-001	-8.636110e-001
3.680000e+000	-5.127693e-001	-1.166791e-007	-1.218718e-007	-8.585263e-001	-8.585263e-001
3.690000e+000	-5.213288e-001	-1.158584e-007	-1.211378e-007	-8.533558e-001	-8.533558e-001
3.700000e+000	-5.298361e-001	-1.150262e-007	-1.203917e-007	-8.480999e-001	-8.480999e-001
3.710000e+000	-5.382905e-001	-1.141824e-007	-1.196336e-007	-8.427592e-001	-8.427592e-001
3.720000e+000	-5.466910e-001	-1.133272e-007	-1.188635e-007	-8.373343e-001	-8.373343e-001
3.730000e+000	-5.550369e-001	-1.124607e-007	-1.180815e-007	-8.318256e-001	-8.318256e-001
3.740000e+000	-5.633273e-001	-1.115830e-007	-1.172877e-007	-8.262337e-001	-8.262337e-001
3.750000e+000	-5.715613e-001	-1.106941e-007	-1.164822e-007	-8.205592e-001	-8.205592e-001
3.760000e+000	-5.797382e-001	-1.097941e-007	-1.156650e-007	-8.148027e-001	-8.148027e-001
3.770000e+000	-5.878571e-001	-1.088832e-007	-1.148363e-007	-8.089647e-001	-8.089647e-001
3.780000e+000	-5.959172e-001	-1.079613e-007	-1.139961e-007	-8.030458e-001	-8.030458e-001
3.790000e+000	-6.039178e-001	-1.070287e-007	-1.131445e-007	-7.970465e-001	-7.970465e-001
3.800000e+000	-6.118579e-001	-1.060853e-007	-1.122815e-007	-7.909676e-001	-7.909676e-001
3.810000e+000	-6.197368e-001	-1.051314e-007	-1.114074e-007	-7.848096e-001	-7.848096e-001
3.820000e+000	-6.275538e-001	-1.041669e-007	-1.105221e-007	-7.785731e-001	-7.785731e-001
3.830000e+000	-6.353080e-001	-1.031921e-007	-1.096257e-007	-7.722587e-001	-7.722587e-001
3.840000e+000	-6.429987e-001	-1.022069e-007	-1.087184e-007	-7.658671e-001	-7.658671e-001
3.850000e+000	-6.506251e-001	-1.012114e-007	-1.078002e-007	-7.593990e-001	-7.593990e-001
3.860000e+000	-6.581865e-001	-1.002059e-007	-1.068712e-007	-7.528548e-001	-7.528548e-001
3.870000e+000	-6.656820e-001	-9.919034e-008	-1.059316e-007	-7.462354e-001	-7.462354e-001
3.880000e+000	-6.731109e-001	-9.816486e-008	-1.049813e-007	-7.395414e-001	-7.395414e-001
3.890000e+000	-6.804726e-001	-9.712956e-008	-1.040206e-007	-7.327735e-001	-7.327735e-001
3.900000e+000	-6.877662e-001	-9.608455e-008	-1.030495e-007	-7.259322e-001	-7.259322e-001
3.910000e+000	-6.949910e-001	-9.502994e-008	-1.020680e-007	-7.190184e-001	-7.190184e-001
3.920000e+000	-7.021463e-001	-9.396582e-008	-1.010763e-007	-7.120326e-001	-7.120326e-001
3.930000e+000	-7.092314e-001	-9.289230e-008	-1.000746e-007	-7.049757e-001	-7.049757e-001
3.940000e+000	-7.162456e-001	-9.180950e-008	-9.906280e-008	-6.978482e-001	-6.978482e-001
3.950000e+000	-7.231881e-001	-9.071751e-008	-9.804112e-008	-6.906510e-001	-6.906510e-001
3.960000e+000	-7.300584e-001	-8.961645e-008	-9.700964e-008	-6.833847e-001	-6.833847e-001
3.970000e+000	-7.368556e-001	-8.850643e-008	-9.596845e-008	-6.760501e-001	-6.760501e-001
3.980000e+000	-7.435791e-001	-8.738756e-008	-9.491767e-008	-6.686478e-001	-6.686478e-001
3.990000e+000	-7.502283e-001	-8.625995e-008	-9.385740e-008	-6.611788e-001	-6.611787e-001
4.000000e+000	-7.568025e-001	-8.512372e-008	-9.278774e-008	-6.536435e-001	-6.536435e-001
4.010000e+000	-7.633010e-001	-8.397897e-008	-9.170880e-008	-6.460430e-001	-6.460429e-001
4.020000e+000	-7.697231e-001	-8.282583e-008	-9.062069e-008	-6.383778e-001	-6.383778e-001
4.030000e+000	-7.760683e-001	-8.166440e-008	-8.952352e-008	-6.306488e-001	-6.306487e-001
4.040000e+000	-7.823359e-001	-8.049481e-008	-8.841740e-008	-6.228567e-001	-6.228567e-001
4.050000e+000	-7.885253e-001	-7.931716e-008	-8.730243e-008	-6.150023e-001	-6.150023e-001
4.060000e+000	-7.946357e-001	-7.813159e-008	-8.617874e-008	-6.070864e-001	-6.070864e-001
4.070000e+000	-8.006668e-001	-7.693820e-008	-8.504643e-008	-5.991098e-001	-5.991098e-001
4.080000e+000	-8.066177e-001	-7.573712e-008	-8.390561e-008	-5.910734e-001	-5.910734e-001
4.090000e+000	-8.124881e-001	-7.452847e-008	-8.275640e-008	-5.829778e-001	-5.829778e-001
4.100000e+000	-8.182771e-001	-7.331236e-008	-8.159892e-008	-5.748239e-001	-5.748239e-001
4.110000e+000	-8.239843e-001	-7.208892e-008	-8.043328e-008	-5.666125e-001	-5.666125e-001
4.120000e+000	-8.296092e-001	-7.085827e-008	-7.925959e-008	-5.583445e-001	-5.583445e-001
4.130000e+000	-8.351510e-001	-6.962054e-008	-7.807798e-008	-5.500206e-001	-5.500206e-001
4.140000e+000	-8.406094e-001	-6.837584e-008	-7.688856e-008	-5.416417e-001	-5.416417e-001
4.150000e+000	-8.459837e-001	-6.712431e-008	-7.569145e-008	-5.332087e-001	-5.332087e-001
4.160000e+000	-8.512734e-001	-6.586606e-008	-7.448677e-008	-5.247223e-001	-5.247223e-001
4.170000e+000	-8.564780e-001	-6.460123e-008	-7.327465e-008	-5.161835e-001	-5.161835e-001
4.180000e+000	-8.615969e-001	-6.332994e-008	-7.205519e-008	-5.075931e-001	-5.075931e-001
4.190000e+000	-8.666297e-001	-6.205231e-008	-7.082853e-008	-4.989519e-001	-4.989519e-001
4.200000e+000	-8.715758e-001	-6.076848e-008	-6.959479e-008	-4.902608e-001	-4.902608e-001
4.210000e+000	-8.764347e-001	-5.947858e-008	-6.835409e-008	-4.815206e-001	-4.815206e-001
4.220000e+000	-8.812060e-001	-5.818272e-008	-6.710655e-008	-4.727324e-001	-4.727324e-001
4.230000e+000	-8.858892e-001	-5.688105e-008	-6.585231e-008	-4.638968e-001	-4.638968e-001
4.240000e+000	-8.904838e-001	-5.557369e-008	-6.459148e-008	-4.550149e-001	-4.550149e-001
4.250000e+000	-8.949894e-001	-5.426077e-008	-6.332418e-008	-4.460874e-001	-4.460874e-001
4.260000e+000	-8.994054e-001	-5.294243e-008	-6.205056e-008	-4.371154e-001	-4.371154e-001
4.270000e+000	-9.037315e-001	-5.161879e-008	-6.077073e-008	-4.280996e-001	-4.280996e-001
4.280000e+000	-9.079673e-001	-5.028999e-008	-5.948483e-008	-4.190411e-001	-4.190411e-001
4.290000e+000	-9.121122e-001	-4.895616e-008	-5.819297e-008	-4.099406e-001	-4.099406e-001
4.300000e+000	-9.161659e-001	-4.761743e-008	-5.689530e-008	-4.007991e-001	-4.007991e-001
4.310000e+000	-9.201281e-001	-4.627395e-008	-5.559193e-008	-3.916176e-001	-3.916176e-001
4.320000e+000	-9.239982e-001	-4.492583e-008	-5.428301e-008	-3.823969e-001	-3.823969e-001
4.330000e+000	-9.277759e-001	-4.357322e-008	-5.296866e-008	-3.731379e-001	-3.731379e-001
4.340000e+000	-9.314608e-001	-4.221626e-008	-5.164901e-008	-3.638417e-001	-3.638417e-001
4.350000e+000	-9.350526e-001	-4.085507e-008	-5.032420e-008	-3.545090e-001	-3.545090e-001
4.360000e+000	-9.385509e-001	-3.948980e-008	-4.899436e-008	-3.451409e-001	-3.451409e-001
4.370000e+000	-9.419553e-001	-3.812058e-008	-4.765961e-008	-3.357383e-001	-3.357383e-001
4.380000e+000	-9.452655e-001	-3.674755e-008	-4.632010e-008	-3.263021e-001	-3.263021e-001
4.390000e+000	-9.484812e-001	-3.537085e-008	-4.497596e-008	-3.168333e-001	-3.168333e-001
4.400000e+000	-9.516021e-001	-3.399060e-008	-4.362732e-008	-3.073328e-001	-3.073328e-001
4.410000e+000	-9.546278e-001	-3.260696e-008	-4.227432e-008	-2.978016e-001	-2.978016e-001
4.420000e+000	-9.575580e-001	-3.122006e-008	-4.091709e-008	-2.882406e-001	-2.882406e-001
4.430000e+000	-9.603925e-001	-2.983003e-008	-3.955577e-008	-2.786508e-001	-2.786508e-001
4.440000e+000	-9.631309e-001	-2.843702e-008	-3.819049e-008	-2.690331e-001	-2.690331e-001
4.450000e+000	-9.657731e-001	-2.704117e-008	-3.682140e-008	-2.593885e-001	-2.593885e-001
4.460000e+000	-9.683186e-001	-2.564261e-008	-3.544862e-008	-2.497179e-001	-2.497179e-001
4.470000e+000	-9.707673e-001	-2.424149e-008	-3.407230e-008	-2.400224e-001	-2.400224e-001
4.480000e+000	-9.731190e-001	-2.283795e-008	-3.269257e-008	-2.303029e-001	-2.303029e-001
4.490000e+000	-9.753733e-001	-2.143212e-008	-3.130957e-008	-2.205604e-001	-2.205604e-001
4.500000e+000	-9.775301e-001	-2.002415e-008	-2.992344e-008	-2.107958e-001	-2.107958e-001
4.510000e+000	-9.795892e-001	-1.861417e-008	-2.853432e-008	-2.010101e-001	-2.010101e-001
4.520000e+000	-9.815503e-001	-1.720234e-008	-2.714234e-008	-1.912043e-001	-1.912043e-001
4.530000e+000	-9.834132e-001	-1.578878e-008	-2.574765e-008	-1.813794e-001	-1.813794e-001
4.540000e+000	-9.851778e-001	-1.437365e-008	-2.435039e-008	-1.715364e-001	-1.715364e-001
4.550000e+000	-9.868439e-001	-1.295708e-008	-2.295069e-008	-1.616762e-001	-1.616762e-001
4.560000e+000	-9.884113e-001	-1.153921e-008	-2.154869e-008	-1.517998e-001	-1.517998e-001
4.570000e+000	-9.898798e-001	-1.012019e-008	-2.014454e-008	-1.419083e-001	-1.419083e-001
4.580000e+000	-9.912494e-001	-8.700155e-009	-1.873838e-008	-1.320026e-001	-1.320026e-001
4.590000e+000	-9.925198e-001	-7.279252e-009	-1.733034e-008	-1.220837e-001	-1.220836e-001
4.600000e+000	-9.936910e-001	-5.857621e-009	-1.592057e-008	-1.121525e-001	-1.121525e-001
4.610000e+000	-9.947628e-001	-4.435404e-009	-1.450921e-008	-1.022102e-001	-1.022102e-001
4.620000e+000	-9.957352e-001	-3.012743e-009	-1.309639e-008	-9.225760e-002	-9.225759e-002
4.630000e+000	-9.966079e-001	-1.589781e-009	-1.168227e-008	-8.229580e-002	-8.229579e-002
4.640000e+000	-9.973811e-001	-1.666604e-010	-1.026698e-008	-7.232578e-002	-7.232576e-002
4.650000e+000	-9.980544e-001	1.256477e-009	-8.850660e-009	-6.234852e-002	-6.234851e-002
4.660000e+000	-9.986280e-001	2.679489e-009	-7.433457e-009	-5.236502e-002	-5.236501e-002
4.670000e+000	-9.991017e-001	4.102233e-009	-6.015510e-009	-4.237629e-002	-4.237628e-002
4.680000e+000	-9.994755e-001	5.524567e-009	-4.596962e-009	-3.238332e-002	-3.238331e-002
4.690000e+000	-9.997494e-001	6.946348e-009	-3.177954e-009	-2.238712e-002	-2.238711e-002
4.700000e+000	-9.999233e-001	8.367434e-009	-1.758628e-009	-1.238867e-002	-1.238866e-002
4.710000e+000	-9.999971e-001	9.787684e-009	-3.391265e-010	-2.388988e-003	-2.388978e-003
4.720000e+000	-9.999710e-001	1.120696e-008	1.080409e-009	7.610935e-003	7.610945e-003
4.730000e+000	-9.998449e-001	1.262511e-008	2.499837e-009	1.761010e-002	1.761011e-002
4.740000e+000	-9.996188e-001	1.404199e-008	3.919014e-009	2.760750e-002	2.760751e-002
4.750000e+000	-9.992928e-001	1.545748e-008	5.337800e-009	3.760214e-002	3.760215e-002
4.760000e+000	-9.988668e-001	1.687142e-008	6.756051e-009	4.759302e-002	4.759303e-002
4.770000e+000	-9.983409e-001	1.828367e-008	8.173628e-009	5.757914e-002	5.757915e-002
4.780000e+000	-9.977152e-001	1.969409e-008	9.590387e-009	6.755950e-002	6.755951e-002
4.790000e+000	-9.969898e-001	2.110254e-008	1.100619e-008	7.753311e-002	7.753312e-002
4.800000e+000	-9.961646e-001	2.250888e-008	1.242089e-008	8.749896e-002	8.749897e-002
4.810000e+000	-9.952398e-001	2.391298e-008	1.383434e-008	9.745606e-002	9.745607e-002
4.820000e+000	-9.942155e-001	2.531468e-008	1.524642e-008	1.074034e-001	1.074034e-001
4.830000e+000	-9.930918e-001	2.671385e-008	1.665697e-008	1.173400e-001	1.173401e-001
4.840000e+000	-9.918688e-001	2.811034e-008	1.806585e-008	1.272649e-001	1.272649e-001
4.850000e+000	-9.905465e-001	2.950403e-008	1.947293e-008	1.371771e-001	1.371771e-001
4.860000e+000	-9.891253e-001	3.089477e-008	2.087806e-008	1.470755e-001	1.470755e-001
4.870000e+000	-9.876051e-001	3.228242e-008	2.228110e-008	1.569593e-001	1.569593e-001
4.880000e+000	-9.859861e-001	3.366683e-008	2.368191e-008	1.668273e-001	1.668273e-001
4.890000e+000	-9.842686e-001	3.504789e-008	2.508036e-008	1.766786e-001	1.766787e-001
4.900000e+000	-9.824526e-001	3.642543e-008	2.647629e-008	1.865123e-001	1.865123e-001
4.910000e+000	-9.805384e-001	3.779934e-008	2.786958e-008	1.963274e-001	1.963274e-001
4.920000e+000	-9.785261e-001	3.916946e-008	2.926009e-008	2.061228e-001	2.061228e-001
4.930000e+000	-9.764160e-001	4.053567e-008	3.064766e-008	2.158976e-001	2.158976e-001
4.940000e+000	-9.742082e-001	4.189783e-008	3.203218e-008	2.256508e-001	2.256508e-001
4.950000e+000	-9.719031e-001	4.325579e-008	3.341349e-008	2.353814e-001	2.353814e-001
4.960000e+000	-9.695007e-001	4.460943e-008	3.479145e-008	2.450885e-001	2.450885e-001
4.970000e+000	-9.670014e-001	4.595861e-008	3.616594e-008	2.547711e-001	2.547711e-001
4.980000e+000	-9.644054e-001	4.730319e-008	3.753681e-008	2.644282e-001	2.644282e-001
4.990000e+000	-9.617129e-001	4.864304e-008	3.890393e-008	2.740589e-001	2.740589e-001
5.000000e+000	-9.589243e-001	4.997803e-008	4.026716e-008	2.836621e-001	2.836621e-001
5.010000e+000	-9.560398e-001	5.130802e-008	4.162636e-008	2.932370e-001	2.932370e-001
5.020000e+000	-9.530596e-001	5.263288e-008	4.298140e-008	3.027826e-001	3.027826e-001
5.030000e+000	-9.499842e-001	5.395248e-008	4.433214e-008	3.122979e-001	3.122979e-001
5.040000e+000	-9.468138e-001	5.526668e-008	4.567845e-008	3.217820e-001	3.217820e-001
5.050000e+000	-9.435487e-001	5.657535e-008	4.702019e-008	3.312339e-001	3.312339e-001
5.060000e+000	-9.401892e-001	5.787837e-008	4.835723e-008	3.406526e-001	3.406526e-001
5.070000e+000	-9.367357e-001	5.917560e-008	4.968943e-008	3.500373e-001	3.500373e-001
5.080000e+000	-9.331886e-001	6.046691e-008	5.101666e-008	3.593870e-001	3.593870e-001
5.090000e+000	-9.295481e-001	6.175218e-008	5.233879e-008	3.687008e-001	3.687008e-001
5.100000e+000	-9.258147e-001	6.303127e-008	5.365569e-008	3.779777e-001	3.779777e-001
5.110000e+000	-9.219887e-001	6.430405e-008	5.496722e-008	3.872168e-001	3.872168e-001
5.120000e+000	-9.180705e-001	6.557041e-008	5.627326e-008	3.964171e-001	3.964172e-001
5.130000e+000	-9.140605e-001	6.683021e-008	5.757367e-008	4.055779e-001	4.055779e-001
5.140000e+000	-9.099591e-001	6.808333e-008	5.886832e-008	4.146980e-001	4.146981e-001
5.150000e+000	-9.057666e-001	6.932963e-008	6.015708e-008	4.237767e-001	4.237768e-001
5.160000e+000	-9.014837e-001	7.056901e-008	6.143983e-008	4.328131e-001	4.328131e-001
5.170000e+000	-8.971105e-001	7.180133e-008	6.271643e-008	4.418061e-001	4.418061e-001
5.180000e+000	-8.926477e-001	7.302647e-008	6.398677e-008	4.507550e-001	4.507550e-001
5.190000e+000	-8.880956e-001	7.424430e-008	6.525070e-008	4.596588e-001	4.596588e-001
5.200000e+000	-8.834547e-001	7.545471e-008	6.650811e-008	4.685166e-001	4.685166e-001
5.210000e+000	-8.787254e-001	7.665758e-008	6.775887e-008	4.773276e-001	4.773276e-001
5.220000e+000	-8.739083e-001	7.785278e-008	6.900285e-008	4.860908e-001	4.860908e-001
5.230000e+000	-8.690037e-001	7.904019e-008	7.023993e-008	4.948054e-001	4.948054e-001
5.240000e+000	-8.640123e-001	8.021971e-008	7.146999e-008	5.034706e-001	5.034706e-001
5.250000e+000	-8.589345e-001	8.139120e-008	7.269290e-008	5.120854e-001	5.120854e-001
5.260000e+000	-8.537708e-001	8.255455e-008	7.390855e-008	5.206490e-001	5.206490e-001
5.270000e+000	-8.485217e-001	8.370964e-008	7.511680e-008	5.291605e-001	5.291605e-001
5.280000e+000	-8.431877e-001	8.485636e-008	7.631754e-008	5.376191e-001	5.376191e-001
5.290000e+000	-8.377695e-001	8.599460e-008	7.751065e-008	5.460240e-001	5.460240e-001
5.300000e+000	-8.322674e-001	8.712424e-008	7.869600e-008	5.543742e-001	5.543743e-001
5.310000e+000	-8.266822e-001	8.824517e-008	7.987349e-008	5.626691e-001	5.626691e-001
5.320000e+000	-8.210142e-001	8.935727e-008	8.104299e-008	5.709076e-001	5.709076e-001
5.330000e+000	-8.152642e-001	9.046044e-008	8.220439e-008	5.790891e-001	5.790891e-001
5.340000e+000	-8.094327e-001	9.155456e-008	8.335756e-008	5.872126e-001	5.872126e-001
5.350000e+000	-8.035202e-001	9.263952e-008	8.450240e-008	5.952775e-001	5.952775e-001
5.360000e+000	-7.975273e-001	9.371522e-008	8.563879e-008	6.032828e-001	6.032828e-001
5.370000e+000	-7.914547e-001	9.478155e-008	8.676662e-008	6.112277e-001	6.112277e-001
5.380000e+000	-7.853030e-001	9.583841e-008	8.788577e-008	6.191116e-001	6.191116e-001
5.390000e+000	-7.790727e-001	9.688567e-008	8.899613e-008	6.269335e-001	6.269335e-001
5.400000e+000	-7.727645e-001	9.792325e-008	9.009759e-008	6.346928e-001	6.346928e-001
5.410000e+000	-7.663790e-001	9.895104e-008	9.119004e-008	6.423886e-001	6.423886e-001
5.420000e+000	-7.599169e-001	9.996893e-008	9.227338e-008	6.500201e-001	6.500201e-001
5.430000e+000	-7.533788e-001	1.009768e-007	9.334748e-008	6.575866e-001	6.575866e-001
5.440000e+000	-7.467654e-001	1.019746e-007	9.441225e-008	6.650874e-001	6.650874e-001
5.450000e+000	-7.400773e-001	1.029622e-007	9.546758e-008	6.725217e-001	6.725217e-001
5.460000e+000	-7.333152e-001	1.039395e-007	9.651337e-008	6.798887e-001	6.798887e-001
5.470000e+000	-7.264798e-001	1.049064e-007	9.754950e-008	6.871878e-001	6.871878e-001
5.480000e+000	-7.195717e-001	1.058629e-007	9.857587e-008	6.944181e-001	6.944181e-001
5.490000e+000	-7.125916e-001	1.068087e-007	9.959239e-008	7.015789e-001	7.015790e-001
5.500000e+000	-7.055403e-001	1.077438e-007	1.005990e-007	7.086697e-001	7.086697e-001
5.510000e+000	-6.984185e-001	1.086682e-007	1.015955e-007	7.156895e-001	7.156895e-001
5.520000e+000	-6.912268e-001	1.095817e-007	1.025818e-007	7.226378e-001	7.226378e-001
5.530000e+000	-6.839660e-001	1.104843e-007	1.035579e-007	7.295138e-001	7.295138e-001
5.540000e+000	-6.766367e-001	1.113758e-007	1.045236e-007	7.363169e-001	7.363169e-001
5.550000e+000	-6.692399e-001	1.122562e-007	1.054789e-007	7.430463e-001	7.430463e-001
5.560000e+000	-6.617761e-001	1.131253e-007	1.064236e-007	7.497015e-001	7.497015e-001
5.570000e+000	-6.542461e-001	1.139831e-007	1.073577e-007	7.562816e-001	7.562816e-001
5.580000e+000	-6.466507e-001	1.148296e-007	1.082810e-007	7.627862e-001	7.627862e-001
5.590000e+000	-6.389906e-001	1.156645e-007	1.091936e-007	7.692144e-001	7.692144e-001
5.600000e+000	-6.312666e-001	1.164879e-007	1.100952e-007	7.755658e-001	7.755658e-001
5.610000e+000	-6.234795e-001	1.172996e-007	1.109858e-007	7.818395e-001	7.818396e-001
5.620000e+000	-6.156301e-001	1.180996e-007	1.118653e-007	7.880351e-001	7.880351e-001
5.630000e+000	-6.077191e-001	1.188878e-007	1.127336e-007	7.941519e-001	7.941519e-001
5.640000e+000	-5.997473e-001	1.196641e-007	1.135906e-007	8.001893e-001	8.001893e-001
5.650000e+000	-5.917156e-001	1.204285e-007	1.144363e-007	8.061467e-001	8.061467e-001
5.660000e+000	-5.836247e-001	1.211808e-007	1.152705e-007	8.120234e-001	8.120234e-001
5.670000e+000	-5.754754e-001	1.219210e-007	1.160932e-007	8.178190e-001	8.178190e-001
5.680000e+000	-5.672686e-001	1.226489e-007	1.169043e-007	8.235327e-001	8.235328e-001
5.690000e+000	-5.590050e-001	1.233647e-007	1.177037e-007	8.291642e-001	8.291642e-001
5.700000e+000	-5.506855e-001	1.240680e-007	1.184913e-007	8.347127e-001	8.347127e-001
5.710000e+000	-5.423110e-001	1.247590e-007	1.192671e-007	8.401777e-001	8.401777e-001
5.720000e+000	-5.338823e-001	1.254375e-007	1.200310e-007	8.455587e-001	8.455587e-001
5.730000e+000	-5.254001e-001	1.261035e-007	1.207828e-007	8.508552e-001	8.508552e-001
5.740000e+000	-5.168654e-001	1.267568e-007	1.215226e-007	8.560665e-001	8.560665e-001
5.750000e+000	-5.082791e-001	1.273975e-007	1.222502e-007	8.611923e-001	8.611923e-001
5.760000e+000	-4.996419e-001	1.280254e-007	1.229657e-007	8.662319e-001	8.662319e-001
5.770000e+000	-4.909547e-001	1.286406e-007	1.236688e-007	8.711850e-001	8.711850e-001
5.780000e+000	-4.822185e-001	1.292428e-007	1.243595e-007	8.760509e-001	8.760509e-001
5.790000e+000	-4.734340e-001	1.298322e-007	1.250378e-007	8.808292e-001	8.808292e-001
5.800000e+000	-4.646022e-001	1.304085e-007	1.257036e-007	8.855194e-001	8.855194e-001
5.810000e+000	-4.557239e-001	1.309719e-007	1.263568e-007	8.901211e-001	8.901211e-001
5.820000e+000	-4.468001e-001	1.315221e-007	1.269974e-007	8.946337e-001	8.946337e-001
5.830000e+000	-4.378315e-001	1.320592e-007	1.276253e-007	8.990569e-001	8.990569e-001
5.840000e+000	-4.288192e-001	1.325830e-007	1.282404e-007	9.033902e-001	9.033902e-001
5.850000e+000	-4.197640e-001	1.330936e-007	1.288427e-007	9.076331e-001	9.076332e-001
5.860000e+000	-4.106668e-001	1.335909e-007	1.294322e-007	9.117853e-001	9.117853e-001
5.870000e+000	-4.015286e-001	1.340749e-007	1.300086e-007	9.158463e-001	9.158463e-001
5.880000e+000	-3.923502e-001	1.345454e-007	1.305721e-007	9.198158e-001	9.198158e-001
5.890000e+000	-3.831326e-001	1.350025e-007	1.311225e-007	9.236932e-001	9.236932e-001
5.900000e+000	-3.738767e-001	1.354460e-007	1.316599e-007	9.274783e-001	9.274783e-001
5.910000e+000	-3.645833e-001	1.358761e-007	1.321840e-007	9.311706e-001	9.311706e-001
5.920000e+000	-3.552536e-001	1.362925e-007	1.326949e-007	9.347698e-001	9.347698e-001
5.930000e+000	-3.458883e-001	1.366953e-007	1.331926e-007	9.382756e-001	9.382756e-001
5.940000e+000	-3.364884e-001	1.370845e-007	1.336769e-007	9.416875e-001	9.416875e-001
5.950000e+000	-3.270548e-001	1.374599e-007	1.341479e-007	9.450052e-001	9.450052e-001
5.960000e+000	-3.175886e-001	1.378216e-007	1.346054e-007	9.482285e-001	9.482285e-001
5.970000e+000	-3.080906e-001	1.381695e-007	1.350495e-007	9.513569e-001	9.513569e-001
5.980000e+000	-2.985617e-001	1.385036e-007	1.354801e-007	9.543902e-001	9.543902e-001
5.990000e+000	-2.890031e-001	1.388239e-007	1.358972e-007	9.573280e-001	9.573280e-001
6.000000e+000	-2.794155e-001	1.391302e-007	1.363006e-007	9.601701e-001	9.601702e-001
6.010000e+000	-2.698000e-001	1.394227e-007	1.366904e-007	9.629162e-001	9.629163e-001
6.020000e+000	-2.601575e-001	1.397012e-007	1.370666e-007	9.655661e-001	9.655661e-001
6.030000e+000	-2.504890e-001	1.399657e-007	1.374290e-007	9.681193e-001	9.681193e-001
6.040000e+000	-2.407954e-001	1.402162e-007	1.377777e-007	9.705758e-001	9.705758e-001
6.050000e+000	-2.310778e-001	1.404528e-007	1.381127e-007	9.729351e-001	9.729351e-001
6.060000e+000	-2.213370e-001	1.406752e-007	1.384338e-007	9.751972e-001	9.751972e-001
6.070000e+000	-2.115742e-001	1.408836e-007	1.387411e-007	9.773618e-001	9.773618e-001
6.080000e+000	-2.017901e-001	1.410779e-007	1.390344e-007	9.794286e-001	9.794286e-001
6.090000e+000	-1.919859e-001	1.412582e-007	1.393139e-007	9.813975e-001	9.813975e-001
6.100000e+000	-1.821625e-001	1.414242e-007	1.395795e-007	9.832683e-001	9.832683e-001
6.110000e+000	-1.723209e-001	1.415762e-007	1.398311e-007	9.850407e-001	9.850407e-001
6.120000e+000	-1.624620e-001	1.417140e-007	1.400687e-007	9.867147e-001	9.867147e-001
6.130000e+000	-1.525869e-001	1.418376e-007	1.402923e-007	9.882899e-001	9.882899e-001
6.140000e+000	-1.426965e-001	1.419470e-007	1.405019e-007	9.897663e-001	9.897663e-001
6.150000e+000	-1.327919e-001	1.420422e-007	1.406975e-007	9.911438e-001	9.911438e-001
6.160000e+000	-1.228740e-001	1.421233e-007	1.408789e-007	9.924221e-001	9.924221e-001
6.170000e+000	-1.129438e-001	1.421901e-007	1.410463e-007	9.936012e-001	9.936012e-001
6.180000e+000	-1.030023e-001	1.422427e-007	1.411996e-007	9.946810e-001	9.946810e-001
6.190000e+000	-9.305050e-002	1.422810e-007	1.413387e-007	9.956612e-001	9.956612e-001
6.200000e+000	-8.308940e-002	1.423052e-007	1.414638e-007	9.965420e-001	9.965420e-001
6.210000e+000	-7.311999e-002	1.423151e-007	1.415746e-007	9.973230e-001	9.973230e-001
6.220000e+000	-6.314327e-002	1.423108e-007	1.416714e-007	9.980043e-001	9.980043e-001
6.230000e+000	-5.316024e-002	1.422922e-007	1.417539e-007	9.985859e-001	9.985859e-001
6.240000e+000	-4.317189e-002	1.422595e-007	1.418223e-007	9.990675e-001	9.990675e-001
6.250000e+000	-3.317922e-002	1.422125e-007	1.418765e-007	9.994493e-001	9.994493e-001
6.260000e+000	-2.318323e-002	1.421512e-007	1.419165e-007	9.997311e-001	9.997311e-001
6.270000e+000	-1.318493e-002	1.420758e-007	1.419423e-007	9.999129e-001	9.999129e-001
6.280000e+000	-3.185302e-003	1.419862e-007	1.419539e-007	9.999948e-001	9.999948e-001
