time	x	y	v_x	v_y
0.000000	6000000.000000	0.000000	0.000000	10000.000000
100.000000	5944605.089189	996921.250498	-1103.675370	9908.095562
200.000000	5780917.782681	1975765.183233	-2158.117306	9641.384794
300.000000	5516013.018569	2920175.086829	-3122.191413	9224.531203
400.000000	5160437.846990	3816806.321935	-3968.137310	8691.968507
500.000000	4726778.857606	4655954.781377	-4682.814857	8080.978167
600.000000	4228282.747382	5431542.924410	-5265.629157	7426.059044
700.000000	3677781.149957	6140657.786514	-5724.813640	6755.661529
800.000000	3087002.475358	6782878.267290	-6073.613213	6091.146906
900.000000	2466231.157809	7359579.668020	-6327.239306	5447.235494
1000.000000	1824220.908331	7873324.487806	-6500.836146	4833.170423
1100.000000	1168265.241277	8327381.451178	-6608.332328	4254.049732
1200.000000	504348.932215	8725373.033448	-6661.927470	3712.032949
1300.000000	-162670.753330	9071032.207162	-6671.974723	3207.310911
1400.000000	-828883.116504	9368043.699737	-6647.079512	2738.829568
1500.000000	-1491158.658328	9619946.714075	-6594.297280	2304.802913
1600.000000	-2147005.411997	9830080.360070	-6519.361371	1903.062097
1700.000000	-2794447.953392	10001557.669260	-6426.904578	1531.284663
1800.000000	-3431927.499765	10137258.060220	-6320.657692	1187.139501
1900.000000	-4058220.448089	10239831.235494	-6203.619407	868.374308
2000.000000	-4672372.464806	10311707.776783	-6078.197740	572.864760
2100.000000	-5273645.401338	10355113.321293	-5946.325701	298.638799
2200.000000	-5861474.640142	10372084.315292	-5809.554863	43.885124
2300.000000	-6435434.849851	10364484.092633	-5669.130570	-193.047982
2400.000000	-6995212.484994	10334018.525571	-5526.052147	-413.659493
2500.000000	-7540583.680584	10282250.821973	-5381.121030	-619.305530
2600.000000	-8071396.457561	10210615.253305	-5234.979218	-811.210636
2700.000000	-8587556.373479	10120429.730318	-5088.140015	-990.479415
2800.000000	-9089014.929387	10012907.224482	-4941.012651	-1158.107903
2900.000000	-9575760.185167	9889166.080855	-4793.922016	-1314.994324
3000.000000	-10047809.147900	9750239.293988	-4647.124529	-1461.949055
3100.000000	-10505201.586872	9597082.830638	-4500.820925	-1599.703720
3200.000000	-10947994.999216	9430583.086668	-4355.166569	-1728.919413
3300.000000	-11376260.505818	9251563.563972	-4210.279822	-1850.194084
3400.000000	-11790079.501201	9060790.848755	-4066.248813	-1964.069134
3500.000000	-12189540.915913	8858979.966522	-3923.136961	-2071.035300
3600.000000	-12574738.977701	8646799.182469	-3780.987467	-2171.537873
3700.000000	-12945771.379685	8424874.309251	-3639.826989	-2265.981340
3800.000000	-13302737.781388	8193792.577649	-3499.668650	-2354.733498
3900.000000	-13645738.582426	7954106.119557	-3360.514500	-2438.129099
4000.000000	-13974873.919967	7706335.107198	-3222.357546	-2516.473092
4100.000000	-14290242.850074	7450970.587434	-3085.183410	-2590.043487
4200.000000	-14591942.680351	7188477.045540	-2948.971708	-2659.093905
4300.000000	-14880068.427174	6919294.728815	-2813.697169	-2723.855839
4400.000000	-15154712.375596	6643841.756878	-2679.330578	-2784.540666
4500.000000	-15415963.723863	6362516.042371	-2545.839531	-2841.341430
4600.000000	-15663908.297648	6075697.043036	-2413.189074	-2894.434434
4700.000000	-15898628.321699	5783747.363768	-2281.342222	-2943.980654
4800.000000	-16120202.238706	5487014.225088	-2150.260383	-2990.127000
4900.000000	-16328704.566924	5185830.812693	-2019.903713	-3033.007435
5000.000000	-16524205.789524	4880517.521061	-1890.231397	-3072.743977
5100.000000	-16706772.269832	4571383.102742	-1761.201888	-3109.447587
5200.000000	-16876466.187565	4258725.733684	-1632.773090	-3143.218959
5300.000000	-17033345.492019	3942834.003893	-1504.902511	-3174.149229
5400.000000	-17177463.868802	3623987.841772	-1377.547388	-3202.320593
5500.000000	-17308870.717284	3302459.379670	-1250.664774	-3227.806861
5600.000000	-17427611.136399	2978513.767465	-1124.211617	-3250.673947
5700.000000	-17533725.916836	2652409.940355	-998.144812	-3270.980299
5800.000000	-17627251.537952	2324401.346542	-872.421243	-3288.777268
5900.000000	-17708220.168070	1994736.639977	-746.997809	-3304.109437
6000.000000	-17776659.667017	1663660.342984	-621.831442	-3317.014898
6100.000000	-17832593.589975	1331413.483202	-496.879119	-3327.525489
6200.000000	-17876041.191898	998234.209026	-372.097860	-3335.666986
6300.000000	-17907017.431886	664358.387484	-247.444725	-3341.459264
6400.000000	-17925532.977046	330020.188282	-122.876813	-3344.916411
6500.000000	-17931594.205498	-4547.342374	1.648756	-3346.046820
6600.000000	-17925203.208256	-339111.714704	126.174847	-3344.853232
6700.000000	-17906357.789874	-673440.431611	250.744326	-3341.332760
6800.000000	-17875051.467785	-1007300.424900	375.400071	-3335.476864
6900.000000	-17831273.470398	-1340457.488066	500.184987	-3327.271305
7000.000000	-17775008.734082	-1672675.702264	625.142012	-3316.696058
7100.000000	-17706237.899309	-2003716.851940	750.314126	-3303.725192
7200.000000	-17624937.306277	-2333339.826556	875.744354	-3288.326709
7300.000000	-17531078.990528	-2661300.004647	1001.475763	-3270.462351
7400.000000	-17424630.679125	-2987348.616261	1127.551455	-3250.087363
7500.000000	-17305555.788184	-3311232.079627	1254.014542	-3227.150215
7600.000000	-17173813.422669	-3632691.307562	1380.908129	-3201.592270
7700.000000	-17029358.379590	-3951460.978829	1508.275264	-3173.347416
7800.000000	-16872141.155989	-4267268.769229	1636.158887	-3142.341630
7900.000000	-16702107.963337	-4579834.536765	1764.601754	-3108.492492
8000.000000	-16519200.750359	-4888869.454667	1893.646347	-3071.708628
8100.000000	-16323357.236631	-5194075.085439	2023.334745	-3031.889087
8200.000000	-16114510.959813	-5495142.388386	2153.708479	-2988.922632
8300.000000	-15892591.339927	-5791750.652244	2284.808335	-2942.686947
8400.000000	-15657523.764752	-6083566.343599	2416.674128	-2893.047748
8500.000000	-15409229.701243	-6370241.860698	2549.344408	-2839.857776
8600.000000	-15147626.838850	-6651414.181016	2682.856110	-2782.955675
8700.000000	-14872629.271793	-6926703.389528	2817.244125	-2722.164729
8800.000000	-14584147.728801	-7195711.073013	2952.540776	-2657.291439
8900.000000	-14282089.860557	-7458018.563878	3088.775183	-2588.123934
9000.000000	-13966360.597210	-7713185.014852	3225.972497	-2514.430176
9100.000000	-13636862.590938	-7960745.283517	3364.152956	-2435.955943
9200.000000	-13293496.761688	-8200207.602866	3503.330757	-2352.422565
9300.000000	-12936162.968145	-8431051.010969	3643.512676	-2263.524362
9400.000000	-12564760.830765	-8652722.509280	3784.696395	-2168.925770
9500.000000	-12179190.739631	-8864633.915090	3926.868466	-2068.258097
9600.000000	-11779355.087224	-9066158.369148	4070.001834	-1961.115858
9700.000000	-11365159.775271	-9256626.454421	4214.052814	-1847.052650
9800.000000	-10936516.056173	-9435321.876388	4358.957399	-1725.576504
9900.000000	-10493342.783581	-9601476.649222	4504.626738	-1596.144637
10000.000000	-10035569.164402	-9754265.725703	4650.941595	-1458.157561
10100.000000	-9563138.126605	-9892801.001974	4797.745526	-1310.952464
10200.000000	-9076010.445081	-10016124.621678	4944.836485	-1153.795804
10300.000000	-8574169.802889	-10123201.497951	5091.956436	-985.875065
10400.000000	-8057629.009509	-10212910.967402	5238.778504	-806.289639
10500.000000	-7526437.653733	-10284037.488691	5384.891021	-614.040839
10600.000000	-6980691.539639	-10335260.302161	5529.777664	-408.021129
10700.000000	-6420544.343642	-10365141.979369	5672.792710	-187.002735
10800.000000	-5846222.043622	-10372115.817793	5813.130104	50.373987
10900.000000	-5258040.813251	-10354472.084263	5949.784791	305.611805
11000.000000	-4656429.252227	-10310343.192916	6081.504302	580.366450
11100.000000	-4041956.042624	-10237688.037628	6206.728198	876.453342
11200.000000	-3415364.388593	-10134275.911599	6323.512435	1195.848574
11300.000000	-2777614.912618	-9997670.777273	6429.435266	1540.680092
11400.000000	-2129939.039325	-9825217.154663	6521.480957	1913.202901
11500.000000	-1473905.271483	-9614029.655743	6595.897663	2315.749085
11600.000000	-811501.090703	-9360989.316754	6648.026763	2750.639134
11700.000000	-145233.371232	-9062751.511552	6672.103633	3220.035179
11800.000000	521750.059574	-8715772.534621	6661.035648	3725.709153
11900.000000	1185516.167887	-8316365.078299	6606.174538	4268.690019
12000.000000	1841180.841439	-7860796.845518	6497.120161	4848.745985
12100.000000	2482727.700837	-7345451.171263	6321.625644	5463.654689
12200.000000	3102827.190128	-6767072.790522	6065.722567	6108.226865
12300.000000	3692686.468656	-6123123.435778	5714.247504	6773.094546
12400.000000	4241981.883628	-5412266.247982	5252.010334	7443.378675
12500.000000	4738951.009721	-4634977.967403	4665.853460	8097.535800
12600.000000	5170741.302548	-3794245.507943	3947.721880	8706.938059
12700.000000	5524108.132090	-2896235.903419	3098.491519	9236.963219
12800.000000	5786499.520469	-1950749.761074	2131.665362	9650.323959
12900.000000	5947440.834555	-971220.593735	1075.382228	9912.751139
13000.000000	5999963.988521	25931.548841	-28.931529	9999.922844
13100.000000	5941698.813132	1022606.878760	-1131.934042	9903.295041
13200.000000	5775270.180086	2000752.140252	-2184.506505	9632.321130
13300.000000	5507859.043584	2944074.815915	-3145.810353	9212.001539
13400.000000	5150083.813636	3839319.478218	-3988.464392	8676.929284
13500.000000	4714564.696889	4676878.387746	-4699.689594	8064.375827
13600.000000	4214549.702013	5450763.057661	-5279.169182	7408.714406
13700.000000	3662849.087450	6158133.907560	-5735.312118	6738.217383
13800.000000	3071157.038607	6798624.920574	-6081.448355	6074.064408
13900.000000	2449718.745375	7373649.366596	-6332.809148	5430.818079
14000.000000	1807248.875196	7885793.610404	-6504.518717	4817.597793
14100.000000	1151005.042782	8338339.573685	-6610.465494	4239.411338
14200.000000	486940.580493	8734915.366166	-6662.801799	3698.356182
14300.000000	-180113.935449	9079254.526330	-6671.833904	3194.582783
14400.000000	-846269.997942	9375039.139883	-6646.124564	2727.012411
14500.000000	-1508416.311722	9625803.878956	-6592.692248	2293.845258
14600.000000	-2164075.711889	9834882.331265	-6517.239203	1892.905937
14700.000000	-2811284.744037	10005381.604427	-6424.372573	1521.870137
14800.000000	-3448494.273256	10140175.164550	-6317.802236	1178.407789
14900.000000	-4074488.459222	10241906.958619	-6200.509971	860.269326
15000.000000	-4688319.209441	10313002.136762	-6074.890170	565.334063
15100.000000	-5289253.392129	10355681.291671	-5942.864887	291.633975
15200.000000	-5876730.422897	10371976.234597	-5805.976898	37.361878
15300.000000	-6450328.213326	10363746.071396	-5665.464476	-199.129944
15400.000000	-7009735.825620	10332692.836240	-5522.321262	-419.336681
15500.000000	-7554731.491067	10280376.263831	-5377.344106	-624.610944
15600.000000	-8085164.914501	10208227.488758	-5231.171311	-816.174063
15700.000000	-8600943.004192	10117561.591587	-5084.313191	-995.127722
15800.000000	-9102018.342169	10009588.991324	-4937.176548	-1162.465318
15900.000000	-9588379.850463	9885425.730866	-4790.084305	-1319.082705
16000.000000	-10060045.220417	9746102.727481	-4643.291279	-1465.788129
16100.000000	-10517054.760696	9592574.072310	-4496.996899	-1603.311306
16200.000000	-10959466.389591	9425724.466266	-4351.355464	-1732.311622
16300.000000	-11387351.552541	9246375.878097	-4206.484461	-1853.385496
16400.000000	-11800791.889548	9055293.505802	-4062.471306	-1967.072959
16500.000000	-12199876.511866	8853191.116602	-3919.378831	-2073.863516
16600.000000	-12584699.774813	8640735.833969	-3777.249758	-2174.201356
16700.000000	-12955359.455487	8418552.433537	-3636.110350	-2268.489972
16800.000000	-13311955.261604	8187227.203248	-3495.973407	-2357.096268
16900.000000	-13654587.611594	7947311.417010	-3356.840713	-2440.354193
17000.000000	-13983356.637341	7699324.465636	-3218.705055	-2518.567965
17100.000000	-14298361.369865	7443756.683816	-3081.551880	-2592.014937
17200.000000	-14599699.075541	7181071.907368	-2945.360655	-2660.948133
17300.000000	-14887464.716297	6911709.791074	-2810.105992	-2725.598503
17400.000000	-15161750.511951	6636087.913831	-2675.758576	-2786.176930
17500.000000	-15422645.586738	6354603.694780	-2542.285927	-2842.876007
17600.000000	-15670235.685220	6067636.141329	-2409.653027	-2895.871623
17700.000000	-15904602.945294	5775547.447580	-2277.822837	-2945.324378
17800.000000	-16125825.718202	5478684.459591	-2146.756727	-2991.380830
17900.000000	-16333978.427076	5177380.022052	-2016.414818	-3034.174624
18000.000000	-16529131.457063	4871954.219348	-1886.756272	-3073.827478
18100.000000	-16711351.071181	4562715.522572	-1757.739519	-3110.450079
18200.000000	-16880699.347070	4249961.852840	-1629.322449	-3144.142864
18300.000000	-17037234.130588	3933981.570158	-1501.462559	-3174.996727
18400.000000	-17181009.002878	3615054.396169	-1374.117075	-3203.093640
18500.000000	-17312073.258079	3293452.278305	-1247.243045	-3228.507202
18600.000000	-17430471.889338	2969440.202129	-1120.797412	-3251.303126
18700.000000	-17536245.581154	2643276.958045	-994.737067	-3271.539670
18800.000000	-17629430.706418	2315215.868035	-869.018893	-3289.268002
18900.000000	-17710059.326794	1985505.477599	-743.599786	-3304.532532
19000.000000	-17778159.195317	1654390.217672	-618.436678	-3317.371186
19100.000000	-17833753.760282	1322111.040991	-493.486545	-3327.815637
19200.000000	-17876862.169683	988906.037060	-368.706405	-3335.891505
19300.000000	-17907499.275593	655011.029643	-244.053320	-3341.618509
19400.000000	-17925675.638024	320660.160536	-119.484385	-3345.010585
19500.000000	-17931397.527908	-13913.536804	5.043278	-3346.075975
19600.000000	-17924666.928980	-348477.570280	129.572537	-3344.817271
19700.000000	-17905481.538388	-682799.425421	254.146259	-3341.231432
19800.000000	-17873834.766027	-1016646.001518	378.807323	-3335.309768
19900.000000	-17829715.732609	-1349783.044242	503.598636	-3327.037886
20000.000000	-17773109.266648	-1681974.571346	628.563136	-3316.395603
20100.000000	-17703995.900590	-2012982.287942	753.743807	-3303.356826
20200.000000	-17622351.866463	-2342564.987767	879.183675	-3287.889391
20300.000000	-17528149.091504	-2670477.936676	1004.925807	-3269.954868
20400.000000	-17421355.194396	-2996472.234420	1131.013305	-3249.508321
20500.000000	-17301933.482862	-3320294.150518	1257.489284	-3226.498032
20600.000000	-17169842.953558	-3641684.429763	1384.396844	-3200.865166
20700.000000	-17025038.295412	-3960377.562522	1511.779031	-3172.543400
20800.000000	-16867469.897778	-4276101.014643	1639.678779	-3141.458492
20900.000000	-16697083.865068	-4588574.411259	1768.138840	-3107.527783
21000.000000	-16513822.039857	-4897508.668280	1897.201681	-3070.659647
21100.000000	-16317622.036847	-5202605.064714	2026.909369	-3030.752862
21200.000000	-16108417.290549	-5503554.248250	2157.303413	-2987.695899
21300.000000	-15886137.120105	-5800035.165701	2288.424575	-2941.366128
21400.000000	-15650706.815372	-6091713.908977	2420.312636	-2891.628923
21500.000000	-15402047.749158	-6378242.466135	2553.006103	-2838.336655
21600.000000	-15140077.521550	-6659257.365865	2686.541858	-2781.327567
21700.000000	-14864710.143415	-6934378.202296	2820.954725	-2720.424501
21800.000000	-14575856.267614	-7203206.025412	2956.276943	-2655.433481
21900.000000	-14273423.478240	-7465321.580507	3092.537531	-2586.142107
22000.000000	-13957316.650306	-7720283.377980	3229.761510	-2512.317762
22100.000000	-13627438.394928	-7967625.572341	3367.968965	-2433.705589
22200.000000	-13283689.608250	-8206855.626574	3507.173901	-2350.026212
22300.000000	-12925970.146260	-8437451.734815	3647.382863	-2260.973176
22400.000000	-12554179.652498	-8658859.972792	3788.593246	-2166.210057
22500.000000	-12168218.571582	-8870491.141422	3930.791257	-2065.367207
22600.000000	-11767989.388874	-9071717.264434	4073.949418	-1958.038081
22700.000000	-11353398.145725	-9261867.695872	4218.023529	-1843.775097
22800.000000	-10924356.291152	-9440224.787708	4362.948953	-1722.084969
22900.000000	-10480782.944945	-9606019.061729	4508.636075	-1592.423451
23000.000000	-10022607.665027	-9758423.823395	4654.964719	-1454.189418
23100.000000	-9549773.834120	-9896549.148580	4801.777299	-1306.718231
23200.000000	-9062242.808833	-10019435.167556	4948.870364	-1149.274310
23300.000000	-8559999.009564	-10126044.564584	5095.984158	-981.042862
23400.000000	-8043056.174237	-10215254.207122	5242.789691	-801.120746
23500.000000	-7511465.055185	-10285845.817337	5388.872688	-608.506459
23600.000000	-6965322.909840	-10336495.602547	5533.713616	-402.089346
23700.000000	-6404785.225954	-10365762.774003	5676.662775	-180.638206
23800.000000	-5830080.235831	-10372076.910256	5816.909189	57.210347
23900.000000	-5241526.917033	-10353724.170427	5953.441690	312.963110
24000.000000	-4639557.355665	-10308832.446082	6085.000216	588.280068
24100.000000	-4024744.569104	-10235355.676310	6210.014876	884.981004
24200.000000	-3397837.153333	-10131057.765993	6326.529862	1205.046275
24300.000000	-2759802.437371	-9993496.881640	6432.108797	1550.607644
24400.000000	-2111880.185895	-9820011.409881	6523.717789	1923.922933
24500.000000	-1455649.264563	-9607709.631606	6597.582562	2327.325186
24600.000000	-793110.007774	-9353466.300790	6649.016998	2763.132693
24700.000000	-126785.176970	-9053930.964390	6672.223174	3233.500294
24800.000000	540157.873339	-8705555.186004	6660.068936	3740.184741
24900.000000	1203762.323204	-8304648.996035	6603.860501	4284.188046
25000.000000	1859115.485552	-7847480.930176	6493.147915	4865.234504
25100.000000	2500167.370071	-7330440.657298	6315.634385	5481.034504
25200.000000	3119550.135508	-6750287.427013	6057.309745	6126.301310
25300.000000	3708429.450424	-6104508.985884	5702.991140	6791.533832
25400.000000	4256440.200014	-5391809.625235	5237.512569	7461.684156
25500.000000	4751784.202965	-4612725.497625	4647.811179	8115.015743
25600.000000	5181587.300781	-3770322.279700	3926.023731	8722.713749
25700.000000	5532607.871172	-2870862.042818	3073.326413	9250.027892
25800.000000	5792331.624549	-1924247.489782	2103.607818	9659.668928
25900.000000	5950361.664642	-944005.660750	1045.406336	9917.547083
26000.000000	5999843.827792	53377.381814	-59.546677	9999.706267
26100.000000	5938543.208940	1049779.179699	-1161.800648	9898.086267
26200.000000	5769218.981786	2027173.027718	-2212.364098	9622.618868
26300.000000	5499163.486842	2969335.305750	-3170.715460	9198.656671
26400.000000	5139069.602083	3863105.467282	-4009.875732	8660.956152
26500.000000	4701592.100233	4698977.753773	-4717.446504	8046.774066
26600.000000	4199979.591626	5471057.592390	-5293.402613	7390.348340
26700.000000	3647019.208405	6176582.581475	-5746.336025	6719.762181
26800.000000	3054368.661637	6815244.499321	-6089.664507	6056.003338
26900.000000	2432231.536705	7388496.359680	-6338.638840	5413.468320
27000.000000	1789281.221772	7898949.436749	-6508.361245	4801.146516
27100.000000	1132737.438072	8349899.361740	-6612.677272	4223.951051
27200.000000	468520.363179	8744980.027194	-6663.689088	3683.914401
27300.000000	-198567.549177	9087925.450107	-6671.653407	3181.144799
27400.000000	-864661.164272	9382414.843641	-6645.087957	2714.537765
27500.000000	-1526668.352799	9631978.038746	-6590.972224	2282.279133
27600.000000	-2182127.530666	9839942.753463	-6514.975694	1882.186769
27700.000000	-2829087.841040	10009409.814199	-6421.678497	1511.934506
27800.000000	-3466010.301729	10143246.384344	-6314.768496	1169.193444
27900.000000	-4091687.240576	10244090.321897	-6197.209664	851.716952
28000.000000	-4705177.131615	10314361.033996	-6071.382050	557.388220
28100.000000	-5305752.121063	10356273.781609	-5939.196181	284.243505
28200.000000	-5892855.867313	10371855.478360	-5802.185573	30.479979
28300.000000	-6466069.693117	10362960.763356	-5661.581059	-205.545837
28400.000000	-7025085.403290	10331287.616455	-5518.370294	-425.325135
28500.000000	-7569683.433540	10278392.103821	-5373.345308	-630.206815
28600.000000	-8099715.259139	10205702.046888	-5227.140509	-821.408810
28700.000000	-8615089.208162	10114529.537079	-5080.263064	-1000.029719
28800.000000	-9115758.998574	10006082.297623	-4933.117225	-1167.060155
28900.000000	-9601714.458054	9881473.939995	-4786.023842	-1323.393465
29000.000000	-10072973.996392	9741733.187537	-4639.236048	-1469.835649
29100.000000	-10529578.488236	9587812.150422	-4492.951894	-1607.114406
29200.000000	-10971586.293466	9420593.739379	-4347.324559	-1735.887319
29300.000000	-11399069.197448	9240898.303826	-4202.470612	-1856.749189
29400.000000	-11812109.096934	9049489.575488	-4058.476717	-1970.238600
29500.000000	-12210795.291765	8847079.992498	-3915.405090	-2076.843759
29600.000000	-12595222.269968	8634335.472322	-3773.297948	-2177.007688
29700.000000	-12965487.895497	8411879.695159	-3632.181139	-2271.132833
29800.000000	-13321691.925289	8180297.952968	-3492.067121	-2359.585155
29900.000000	-13663934.796117	7940140.613278	-3352.957402	-2442.697750
30000.000000	-13992316.632871	7691926.241398	-3214.844539	-2520.774071
30100.000000	-14306936.438815	7436144.419624	-3077.713790	-2594.090773
30200.000000	-14607891.435574	7173258.297625	-2941.544468	-2662.900250
30300.000000	-14895276.526439	6903706.904161	-2806.311063	-2727.432881
30400.000000	-15169183.861269	6627907.246813	-2671.984156	-2787.899023
30500.000000	-15429702.485144	6346256.223284	-2538.531184	-2844.490796
30600.000000	-15676918.056019	6059132.365131	-2405.917063	-2897.383652
30700.000000	-15910912.619181	5766897.432376	-2274.104700	-2946.737789
30800.000000	-16131764.428446	5469897.875366	-2143.055422	-2992.699400
30900.000000	-16339547.805686	5168466.178424	-2012.729317	-3035.401788
31000.000000	-16534333.031754	4862922.098217	-1883.085518	-3074.966359
31100.000000	-16716186.263001	4553573.808378	-1754.082435	-3111.503507
31200.000000	-16885169.468560	4240718.960683	-1625.677943	-3145.113399
31300.000000	-17041340.384373	3924645.672028	-1497.829526	-3175.886675
31400.000000	-17184752.480607	3605633.445504	-1370.494401	-3203.905069
31500.000000	-17315454.939638	3283954.033062	-1243.629609	-3229.241955
31600.000000	-17433492.642285	2959872.246550	-1117.192088	-3251.962836
31700.000000	-17538906.160312	2633646.723282	-991.138727	-3272.125766
31800.000000	-17631731.753601	2305530.651776	-865.426405	-3289.781726
31900.000000	-17712001.370616	1975772.462833	-740.012017	-3304.974939
32000.000000	-17779742.651068	1644616.490725	-614.852496	-3317.743154
32100.000000	-17834978.929843	1312303.608944	-489.904814	-3328.117874
32200.000000	-17877729.241460	979071.844661	-365.125991	-3336.124551
32300.000000	-17908008.324454	645156.975828	-240.473086	-3341.782740
32400.000000	-17925826.625232	310793.114646	-115.903196	-3345.106218
32500.000000	-17931190.301045	-23786.718999	8.626560	-3346.103065
32600.000000	-17924101.221844	-358350.030659	133.159051	-3344.775714
32700.000000	-17904556.970878	-692664.287602	257.737143	-3341.120967
32800.000000	-17872550.843997	-1026496.354856	382.403720	-3335.129972
32900.000000	-17828071.847714	-1359611.927650	507.201687	-3326.788172
33000.000000	-17771104.696176	-1691774.956830	632.173987	-3316.075219
33100.000000	-17701629.807292	-2022747.063759	757.363604	-3302.964848
33200.000000	-17619623.298392	-2352286.941099	882.813565	-3287.424721
33300.000000	-17525056.981888	-2680149.735712	1008.566940	-3269.416223
33400.000000	-17417898.361550	-3006086.409726	1134.666829	-3248.894230
33500.000000	-17298110.630181	-3329843.075578	1261.156348	-3225.806822
33600.000000	-17165652.669609	-3651160.300552	1388.078596	-3200.094958
33700.000000	-17020479.054169	-3969772.375974	1515.476615	-3171.692092
33800.000000	-16862540.059045	-4285406.545850	1643.393334	-3140.523746
33900.000000	-16691781.675136	-4597782.189239	1771.871497	-3106.507012
34000.000000	-16508145.632475	-4906609.950125	1900.953559	-3069.549997
34100.000000	-16311569.434566	-5211590.807904	2030.681572	-3029.551191
34200.000000	-16101986.406545	-5512415.080911	2161.097023	-2986.398757
34300.000000	-15879325.760588	-5808761.354555	2292.240649	-2939.969733
34400.000000	-15643512.682703	-6100295.324686	2424.152193	-2890.129132
34500.000000	-15394468.445854	-6386668.545744	2556.870118	-2836.728934
34600.000000	-15132110.555348	-6667517.071967	2690.431250	-2779.606954
34700.000000	-14856352.933625	-6942459.978533	2824.870340	-2718.585572
34800.000000	-14567106.153052	-7211097.747857	2960.219542	-2653.470301
34900.000000	-14264277.727050	-7473010.504426	3096.507763	-2584.048185
35000.000000	-13947772.472089	-7727756.079397	3233.759892	-2510.085995
35100.000000	-13617492.955652	-7974867.883763	3371.995847	-2431.328199
35200.000000	-13273340.048529	-8213852.566148	3511.229434	-2347.494678
35300.000000	-12915213.603718	-8444187.428087	3651.466947	-2258.278153
35400.000000	-12543013.289087	-8665317.566139	3792.705484	-2163.341291
35500.000000	-12156639.606909	-8876652.706090	3934.930882	-2062.313432
35600.000000	-11755995.140844	-9077563.690008	4078.115216	-1954.786909
35700.000000	-11340986.080091	-9267378.571811	4222.213739	-1840.312891
35800.000000	-10911524.081931	-9445378.271442	4367.161148	-1718.396701
35900.000000	-10467528.548131	-9610791.731636	4512.867015	-1588.492540
36000.000000	-10008929.408590	-9762790.514755	4659.210172	-1449.997551
36100.000000	-9535670.528025	-9900482.770458	4806.031817	-1302.245161
36200.000000	-9047713.879698	-10022906.498346	4953.127011	-1144.497630
36300.000000	-8545044.665745	-10129022.023826	5100.234172	-975.937758
36400.000000	-8027677.608561	-10217703.601105	5247.022067	-795.659720
36500.000000	-7495664.694395	-10287730.056043	5393.073657	-602.659031
36600.000000	-6949104.722125	-10337774.385732	5537.865998	-395.821738
36700.000000	-6388155.100859	-10366392.244762	5680.745173	-173.913007
36800.000000	-5813046.454532	-10372009.275493	5820.894979	64.434504
36900.000000	-5224100.735575	-10352907.289545	5957.297765	320.731854
37000.000000	-4621753.729498	-10307209.392283	6088.685402	596.643526
37100.000000	-4006583.054287	-10232864.279903	6213.477968	893.993910
37200.000000	-3379343.028233	-10127630.156863	6329.707164	1214.767859
37300.000000	-2741008.098469	-9989059.060058	6434.921080	1561.101146
37400.000000	-2092826.882018	-9814482.892913	6526.066547	1935.254533
37500.000000	-1436389.244245	-9601003.249500	6599.345482	2339.562011
37600.000000	-773709.161920	-9345488.257285	6650.042582	2776.339435
37700.000000	-107326.258406	-9044581.331737	6672.324607	3247.733765
37800.000000	559571.389844	-8694729.084283	6659.017492	3755.485462
37900.000000	1223001.728293	-8292238.810728	6601.379260	4300.567678
38000.000000	1878021.768409	-7833380.049726	6488.907303	4882.657783
38100.000000	2518545.902690	-7314549.347060	6309.252233	5499.394408
38200.000000	3137165.763104	-6732521.551572	6048.360236	6145.386971
38300.000000	3725003.173844	-6084812.249966	5691.028888	6810.992797
38400.000000	4271649.334258	-5370169.653044	5222.119303	7480.984814
38500.000000	4765268.607333	-4589193.176700	4628.671120	8133.422335
38600.000000	5192964.589798	-3745032.163527	3903.026629	8739.294050
38700.000000	5541499.718948	-2844049.350941	3046.681969	9263.717267
38800.000000	5798400.614978	-1896255.182367	2073.934367	9669.405413
38900.000000	5953353.594356	-915274.859960	1013.742775	9922.463774
39000.000000	5999625.610646	82336.978535	-91.844084	9999.327170
39100.000000	5935124.816214	1078435.385400	-1193.267740	9892.447750
39200.000000	5762751.728897	2055023.089851	-2241.677770	9612.259989
39300.000000	5489915.290871	2995950.219495	-3196.891337	9184.483093
39400.000000	5127385.771261	3888156.837622	-4032.354682	8644.040287
39500.000000	4687853.289751	4722244.761333	-4736.069177	8028.168259
39600.000000	4184566.223719	5492418.123842	-5308.314275	7370.959591
39700.000000	3630286.752690	6195995.408963	-5757.871943	6700.297143
39800.000000	3036633.830013	6832728.815626	-6098.250180	6036.966585
39900.000000	2413767.071628	7404112.803660	-6344.718767	5395.190125
40000.000000	1770316.363023	7912784.544081	-6512.355809	4783.821037
40100.000000	1113461.558640	8362053.849418	-6614.961213	4207.673521
40200.000000	449087.992719	8755560.515856	-6664.584129	3668.712234
40300.000000	-218031.414362	9097038.933746	-6671.429053	3167.001433
40400.000000	-884056.060803	9390165.202202	-6643.966352	2701.409866
40500.000000	-1545913.928220	9638463.994770	-6589.134550	2270.108501
40600.000000	-2201159.777783	9845256.809713	-6512.568737	1870.908266
40700.000000	-2847855.966197	10013637.834401	-6418.820687	1501.481153
40800.000000	-3484474.159192	10146467.579966	-6311.555166	1159.499573
40900.000000	-4109815.250432	10246377.483440	-6193.717467	842.720035
41000.000000	-4722944.599646	10315780.899364	-6067.672593	549.029841
41100.000000	-5323139.887202	10356887.471748	-5935.318980	276.469777
41200.000000	-5909849.219844	10371718.955962	-5798.180434	23.241615
41300.000000	-6482657.496450	10362125.287529	-5657.479984	-212.293656
41400.000000	-7041259.396758	10329800.177567	-5514.199005	-431.623012
41500.000000	-7585437.666930	10276295.829998	-5369.124472	-636.091447
41600.000000	-8115045.637506	10203036.578344	-5222.886711	-826.913314
41700.000000	-8629993.124070	10111331.367316	-5075.989586	-1005.183966
41800.000000	-9130235.034364	10002385.082297	-4928.834674	-1171.891082
41900.000000	-9615762.144301	9877308.775204	-4781.740650	-1327.925374
42000.000000	-10086593.615563	9737128.859812	-4634.958880	-1474.090472
42100.000000	-10542770.914783	9582795.360881	-4488.685974	-1611.111958
42200.000000	-10984352.863358	9415189.304527	-4343.073934	-1739.645513
42300.000000	-11411411.601568	9235129.335380	-4198.238365	-1860.284238
42400.000000	-11824029.293835	9043377.641466	-4054.265144	-1973.565193
42500.000000	-12222295.436216	8840645.261610	-3911.215841	-2079.975218
42600.000000	-12606304.654353	8627596.843519	-3769.132143	-2179.956108
42700.000000	-12976154.901750	8404854.914003	-3628.039463	-2273.909207
42800.000000	-13331945.985451	8173003.716319	-3487.949904	-2362.199481
42900.000000	-13673778.359970	7932592.663612	-3348.864678	-2445.159132
43000.000000	-14001752.141398	7684139.451926	-3210.776105	-2523.090804
43100.000000	-14315966.302450	7428132.871264	-3073.669245	-2596.270421
43200.000000	-14616518.016406	7165035.348728	-2937.523252	-2664.949711
43300.000000	-14903502.123677	6895285.253815	-2802.312483	-2729.358451
43400.000000	-15177010.699401	6619298.992427	-2668.007414	-2789.706449
43500.000000	-15437132.704316	6337472.913106	-2534.575394	-2846.185321
43600.000000	-15683953.704249	6050185.046241	-2401.981270	-2898.970062
43700.000000	-15917555.646092	5757796.694662	-2270.187894	-2948.220449
43800.000000	-16138016.680240	5460653.891925	-2139.156547	-2994.082286
43900.000000	-16345411.021151	5159088.742777	-2008.847281	-3036.688521
44000.000000	-16539808.839107	4853420.658689	-1879.219202	-3076.160226
44100.000000	-16721276.177422	4543957.499953	-1750.230700	-3112.607491
44200.000000	-16889874.890284	4230996.634623	-1621.839630	-3146.130195
44300.000000	-17045662.597236	3914825.923494	-1494.003466	-3176.818713
44400.000000	-17188692.650954	3595724.639415	-1366.679414	-3204.754526
44500.000000	-17319014.115519	3273964.328396	-1239.824508	-3230.010774
44600.000000	-17436671.752875	2949809.619265	-1113.395683	-3252.652737
44700.000000	-17541706.015508	2623518.988039	-987.349824	-3272.738258
44800.000000	-17634153.043744	2295345.482614	-861.643807	-3290.318114
44900.000000	-17714044.666309	1965537.412932	-736.234527	-3305.436336
45000.000000	-17781408.403061	1634339.011405	-611.078913	-3318.130485
45100.000000	-17836267.468949	1301991.068013	-486.133940	-3328.431885
45200.000000	-17878640.778499	968731.544233	-361.356624	-3336.365811
45300.000000	-17908542.950201	634796.169724	-236.704027	-3341.951646
45400.000000	-17925984.310353	300419.025487	-112.133243	-3345.202997
45500.000000	-17930970.896022	-34166.882914	12.398610	-3346.127777
45600.000000	-17923504.456877	-368729.058576	136.934400	-3344.728251
45700.000000	-17903582.455765	-703034.949547	261.516997	-3341.001052
45800.000000	-17871198.067992	-1036851.384769	386.189285	-3334.937159
45900.000000	-17826340.179368	-1369944.006335	510.994171	-3326.521844
46000.000000	-17768993.383160	-1702076.694601	635.974599	-3315.734582
46100.000000	-17699137.976224	-2033010.982692	761.173555	-3302.548931
46200.000000	-17616749.954673	-2362505.456766	886.634069	-3286.932364
46300.000000	-17521801.009563	-2690315.138293	1012.399210	-3268.846076
46400.000000	-17414258.523226	-3016190.844367	1138.512081	-3248.244742
46500.000000	-17294085.567015	-3339878.521877	1265.015796	-3225.076232
46600.000000	-17161240.901412	-3661118.551020	1391.953451	-3199.281282
46700.000000	-17015678.979650	-3979645.013328	1519.368087	-3170.793116
46800.000000	-16857349.956260	-4295184.918973	1647.302627	-3139.537005
46900.000000	-16686199.702186	-4607457.387627	1775.799805	-3105.429780
47000.000000	-16502169.828525	-4916172.776610	1904.902066	-3068.379264
47100.000000	-16305197.721270	-5221031.749463	2034.651444	-3028.283646
47200.000000	-16095216.589968	-5521724.277288	2165.089405	-2985.030764
47300.000000	-15872155.533748	-5817928.564449	2296.256655	-2938.497302
47400.000000	-15635939.628872	-6109309.889198	2428.192902	-2888.547894
47500.000000	-15386490.042778	-6395519.348742	2560.936561	-2835.034108
47600.000000	-15123724.180597	-6676192.497006	2694.524397	-2777.793309
47700.000000	-14847555.871312	-6950947.861897	2828.991087	-2716.647386
47800.000000	-14557895.602205	-7219385.327256	2964.368691	-2651.401316
47900.000000	-14254650.811999	-7481084.362810	3100.686002	-2581.841556
48000.000000	-13937726.255276	-7735602.083280	3237.967766	-2507.734228
48100.000000	-13607024.453390	-7982471.115389	3376.233728	-2428.823090
48200.000000	-13262446.250324	-8221197.248702	3515.497478	-2344.827237
48300.000000	-12903891.495911	-8451256.843109	3655.765053	-2255.438523
48400.000000	-12531259.883729	-8672093.962132	3797.033229	-2160.318651
48500.000000	-12144451.977004	-8883117.197213	3939.287457	-2059.095897
48600.000000	-11743370.463321	-9083696.143592	4082.499336	-1951.361408
48700.000000	-11327921.688206	-9273157.483278	4226.623542	-1836.665033
48800.000000	-10898017.529165	-9450780.625030	4371.594069	-1714.510626
48900.000000	-10453577.686163	-9615792.845137	4517.319627	-1584.350749
49000.000000	-9994532.482507	-9767363.866291	4663.677998	-1445.580716
49100.000000	-9520826.292720	-9904599.805094	4810.509094	-1297.531912
49200.000000	-9032421.742356	-10026536.412180	4957.606403	-1139.464316
49300.000000	-8529304.860543	-10132131.523008	5104.706409	-970.558185
49400.000000	-8011491.411236	-10220256.633192	5251.475506	-789.904859
49500.000000	-7479034.686278	-10289687.511099	5397.493728	-596.496706
49600.000000	-6932035.115692	-10339093.764870	5542.234520	-389.216289
49700.000000	-6370652.141951	-10367027.294404	5685.039500	-166.824942
49800.000000	-5795118.920295	-10371909.586794	5825.086934	72.048854
49900.000000	-5205760.552067	-10352017.864409	5961.352298	328.920654
50000.000000	-4603016.738981	-10305470.180735	6092.558927	605.459682
50100.000000	-3987469.969680	-10230209.698874	6217.116271	903.495180
50200.000000	-3359880.621133	-10123988.608755	6333.042804	1225.016726
50300.000000	-2721230.677500	-9984352.482218	6437.870161	1572.164298
50400.000000	-2072778.129537	-9808626.388473	6528.524763	1947.201706
50500.000000	-1416124.490351	-9593904.878825	6601.183311	2352.463863
50600.000000	-753298.182391	-9337049.111473	6651.099613	2790.263933
50700.000000	-86856.682232	-9034696.069970	6672.403054	3262.740382
50800.000000	579989.997375	-8683287.200553	6657.875254	3771.616208
50900.000000	1243233.096504	-8279127.006160	6598.723336	4317.833729
51000.000000	1897897.574396	-7818486.221705	6484.389184	4901.020274
51100.000000	2537860.176558	-7297768.847891	6302.468165	5518.738071
51200.000000	3155669.748210	-6713766.467534	6038.861000	6165.486146
51300.000000	3742401.909638	-6064024.401102	5678.345724	6831.471607
51400.000000	4287601.967944	-5347337.632160	5205.813865	7501.277772
51500.000000	4779395.184912	-4564372.784683	4608.415736	8152.748720
51600.000000	5204862.384716	-3718367.856846	3878.713443	8756.667383
51700.000000	5550771.270600	-2815791.932361	3018.543243	9278.014805
51800.000000	5804692.784552	-1866768.824766	2042.634226	9679.512504
51900.000000	5956402.119034	-885026.426869	980.386603	9927.477459
52000.000000	5999294.670239	112809.677749	-125.822005	9998.761198
52100.000000	5931429.469615	1108572.470527	-1226.327179	9886.356940
52200.000000	5755855.337172	2084297.220565	-2272.434322	9601.225683
52300.000000	5480102.865792	3023912.804960	-3224.321628	9169.466790
52400.000000	5115022.443489	3914465.684136	-4055.883652	8626.172605
52500.000000	4673340.141856	4746670.822964	-4755.540340	8008.553714
52600.000000	4168303.141657	5514835.779170	-5323.888231	7350.546982
52700.000000	3612646.766443	6216363.535585	-5769.905807	6679.823662
52800.000000	3017948.894713	6851069.246746	-6107.193346	6016.957262
52900.000000	2394322.804159	7420490.444476	-6351.038870	5375.987654
53000.000000	1750352.667814	7927291.125370	-6516.494134	4765.626066
53100.000000	1093176.521914	8374795.712982	-6617.310582	4190.583655
53200.000000	428643.193171	8766649.999435	-6665.481485	3652.754563
53300.000000	-238505.318760	9106588.624991	-6671.156480	3152.157394
53400.000000	-904454.084489	9398284.322255	-6642.756265	2687.633174
53500.000000	-1566152.123432	9645256.285201	-6587.176455	2257.337529
53600.000000	-2221171.291349	9850819.439604	-6510.016135	1859.074287
53700.000000	-2867587.762027	10018060.975474	-6415.797410	1490.513637
53800.000000	-3503884.334210	10149834.402956	-6308.160887	1149.329444
53900.000000	-4128870.856867	10248764.407681	-6190.032318	833.281570
54000.000000	-4741619.888026	10317257.983917	-6063.760978	540.261669
54100.000000	-5341414.893068	10357518.875569	-5931.232659	268.315302
54200.000000	-5927708.628419	10371563.421216	-5793.961011	15.649087
54300.000000	-6500089.730631	10361236.617990	-5653.160904	-219.371292
54400.000000	-7058255.883935	10328227.695734	-5509.807150	-438.228378
54500.000000	-7601992.248763	10274084.804181	-5364.681436	-642.263060
54600.000000	-8131154.093976	10200228.615787	-5218.409818	-832.685937
54700.000000	-8645652.788928	10107964.772437	-5071.492708	-1010.588950
54800.000000	-9145444.483804	9998495.180907	-4924.328885	-1176.956703
54900.000000	-9630520.944388	9872928.206601	-4777.234753	-1332.677135
55000.000000	-10100902.116927	9732287.839144	-4630.459827	-1478.551398
55100.000000	-10556630.085404	9577521.914384	-4484.199210	-1615.302844
55200.000000	-10997764.152154	9409509.480239	-4338.603673	-1743.585163
55300.000000	-11424376.826925	9229067.391858	-4193.787817	-1863.989671
55400.000000	-11836550.552399	9036956.216825	-4049.836693	-1977.051829
55500.000000	-12234375.028179	8833885.525044	-3906.811195	-2083.257041
55600.000000	-12617945.022206	8620518.631257	-3764.752458	-2183.045816
55700.000000	-12987358.580039	8397476.851430	-3623.685440	-2276.818339
55800.000000	-13342715.559552	8165343.327839	-3483.621870	-2364.938536
55900.000000	-13684116.432277	7924666.471636	-3344.562657	-2447.737668
56000.000000	-14011661.303589	7675963.066210	-3206.499867	-2525.517529
56100.000000	-14325449.112776	7419721.069695	-3069.418358	-2598.553276
56200.000000	-14625576.981114	7156402.150508	-2933.297114	-2667.095942
56300.000000	-14912139.681831	6886443.985907	-2798.110356	-2731.374667
56400.000000	-15185229.210533	6610262.350006	-2663.828450	-2791.598684
56500.000000	-15444934.438392	6328253.014682	-2530.418654	-2847.959082
56600.000000	-15691340.833558	6040793.484044	-2397.845741	-2900.630376
56700.000000	-15924530.238718	5748244.580811	-2266.072507	-2949.771897
56800.000000	-16144580.694832	5450951.900841	-2135.060184	-2995.529047
56900.000000	-16351566.302774	5149247.150256	-2004.768789	-3038.034393
57000.000000	-16545557.115966	4843449.377999	-1875.157400	-3077.408665
57100.000000	-16726619.058305	4533866.115285	-1746.184381	-3113.761628
57200.000000	-16894813.862591	4220794.432188	-1617.807573	-3147.192862
57300.000000	-17050199.025480	3904521.920530	-1489.984435	-3177.792459
57400.000000	-17192827.775635	3585327.611343	-1362.672165	-3205.641641
57500.000000	-17322749.052310	3263482.834339	-1235.827790	-3230.813298
57600.000000	-17440007.492026	2939252.026127	-1109.408239	-3253.372477
57700.000000	-17544643.421444	2612893.493315	-983.370394	-3273.376797
57800.000000	-17636692.854789	2284660.136106	-857.671129	-3290.876823
57900.000000	-17716187.494510	1954800.137515	-732.267337	-3305.916383
58000.000000	-17783154.734077	1623557.622977	-607.115948	-3318.532844
58100.000000	-17837617.661980	1291173.294777	-482.173934	-3328.757337
58200.000000	-17879595.066237	957885.045418	-357.398313	-3336.614955
58300.000000	-17909101.438779	623928.553865	-232.746144	-3342.124898
58400.000000	-17926146.979292	289537.868383	-108.174522	-3345.300595
58500.000000	-17930737.598157	-45054.020455	16.359437	-3346.149783
58600.000000	-17922874.918263	-379614.613113	140.898600	-3344.674551
58700.000000	-17902556.275554	-713911.337377	265.485841	-3340.871354
58800.000000	-17869774.718292	-1047710.984211	390.164043	-3334.730995
58900.000000	-17824519.005073	-1380779.139794	514.976117	-3326.238564
59000.000000	-17766773.601776	-1712879.610336	639.965008	-3315.373353
59100.000000	-17696518.677687	-2043773.836146	765.173703	-3302.108728
59200.000000	-17613730.101179	-2373220.291368	890.645234	-3286.411970
59300.000000	-17518379.435427	-2700973.865587	1016.422672	-3268.244070
59400.000000	-17410433.934795	-3026785.223368	1142.549119	-3247.559492
59500.000000	-17289856.542660	-3350400.137485	1269.067689	-3224.305886
59600.000000	-17156605.891634	-3671558.791368	1396.021479	-3198.423755
59700.000000	-17010636.307349	-3989995.045902	1523.453522	-3169.846077
59800.000000	-16851897.817200	-4305435.665316	1651.406738	-3138.497864
59900.000000	-16680336.165737	-4617599.496451	1779.923851	-3104.295668
60000.000000	-16495892.838736	-4926196.595111	1909.047294	-3067.147016
60100.000000	-16298505.098371	-5230927.292587	2038.819082	-3026.949778
60200.000000	-16088106.032399	-5531481.194727	2169.280659	-2983.591450
60300.000000	-15864624.620839	-5827536.105048	2300.472701	-2936.948347
60400.000000	-15627985.824317	-6118756.862482	2432.434875	-2886.884702
60500.000000	-15378110.699094	-6404794.083207	2565.205547	-2833.251647
60600.000000	-15114916.544758	-6685282.794761	2698.821418	-2775.886076
60700.000000	-14838317.091838	-6959840.949236	2833.317088	-2714.609361
60800.000000	-14548222.737987	-7228067.800646	2968.724516	-2649.225915
60900.000000	-14244540.843253	-7489542.129730	3105.072376	-2579.521573
61000.000000	-13927176.097057	-7743820.297288	3242.385263	-2505.261779
61100.000000	-13596030.972212	-7990434.104680	3380.682738	-2426.189540
61200.000000	-13251006.284541	-8228888.437361	3519.978167	-2342.023124
61300.000000	-12892001.880658	-8458658.664128	3660.277310	-2252.453472
61400.000000	-12518917.481388	-8679187.761151	3801.576608	-2157.141273
61500.000000	-12131653.714387	-8889883.125819	3943.861102	-2055.713681
61600.000000	-11730113.377018	-9090113.040831	4087.101891	-1947.760591
61700.000000	-11314202.979887	-9279202.743896	4231.253042	-1832.830467
61800.000000	-10883834.633021	-9456430.052747	4376.247804	-1710.425612
61900.000000	-10438928.351208	-9621020.489082	4521.993979	-1579.996862
62000.000000	-9979414.873092	-9772141.838496	4668.368242	-1440.937603
62100.000000	-9505239.111421	-9908898.076751	4815.209146	-1292.577069
62200.000000	-9016364.380424	-10030322.586156	4962.308516	-1134.172837
62300.000000	-8512777.582392	-10135370.579958	5109.400797	-964.902484
62400.000000	-7994495.581051	-10222910.648519	5256.149872	-783.854364
62500.000000	-7461573.046900	-10291715.340072	5402.132688	-590.017529
62600.000000	-6914112.132518	-10340450.693471	5546.818873	-382.270871
62700.000000	-6352274.427866	-10367664.654129	5689.545329	-159.371691
62800.000000	-5776295.761786	-10371774.332867	5829.484474	80.055931
62900.000000	-5186504.561830	-10351052.118994	5965.604528	337.532276
63000.000000	-4583344.666767	-10303610.746274	6096.619799	614.731556
63100.000000	-3967403.710982	-10227387.552319	6220.928507	913.488111
63200.000000	-3339448.472765	-10120128.396311	6336.535146	1235.796472
63300.000000	-2700468.900009	-9979372.047772	6440.953964	1583.801006
63400.000000	-2051732.888266	-9802436.389449	6531.089807	1959.768679
63500.000000	-1394854.258340	-9586408.573793	6603.092739	2366.035284
63600.000000	-731876.696253	-9328142.448637	6652.183938	2804.911016
63700.000000	-65376.540666	-9024268.269720	6672.453329	3278.525195
63800.000000	601413.024267	-8671222.114045	6656.635780	3788.582132
63900.000000	1264455.038787	-8265305.648906	6595.884782	4335.991259
64000.000000	1918740.633718	-7802791.023617	6479.583849	4920.326637
64100.000000	2558106.853101	-7280090.309325	6295.270482	5539.069302
64200.000000	3175057.476397	-6694013.011167	6028.798208	6186.601171
64300.000000	3760619.555029	-6042136.149024	5664.925741	6852.970307
64400.000000	4304290.317333	-5323304.421869	5188.578641	7522.559825
64500.000000	4794154.337622	-4538255.705317	4587.026538	8172.987458
64600.000000	5217269.250721	-3690321.732800	3853.066202	8774.821307
64700.000000	5560409.397301	-2786083.666441	2988.894667	9292.902853
64800.000000	5811193.654781	-1835784.298843	2009.696306	9689.967999
64900.000000	5959491.950719	-853258.625676	945.332949	9932.563041
65000.000000	5998835.582346	144794.658954	-161.478252	9997.982748
65100.000000	5927442.305881	1140187.135639	-1260.970094	9879.790254
65200.000000	5748516.107622	2114989.949846	-2304.619644	9589.496383
65300.000000	5469714.102063	3053215.884696	-3252.989005	9153.593271
65400.000000	5101969.317882	3942023.641931	-4080.444107	8607.343796
65500.000000	4658044.200242	4772246.878893	-4775.841857	7987.925707
65600.000000	4151183.636531	5538301.216993	-5340.107796	7329.109440
65700.000000	3594094.112456	6237677.653138	-5782.422921	6658.343315
65800.000000	2998310.080960	6870256.737673	-6116.481456	5995.978721
65900.000000	2373896.109860	7437620.620897	-6357.588666	5355.865330
66000.000000	1729388.464942	7942460.992949	-6520.767598	4746.566579
66100.000000	1071881.436161	8388117.274619	-6619.718368	4172.686626
66200.000000	407185.704159	8778241.316867	-6666.375500	3636.046520
66300.000000	-259989.014869	9116567.867632	-6670.831151	3136.617629
66400.000000	-925854.581402	9406766.029337	-6641.454072	2673.212367
66500.000000	-1587381.960655	9652349.188186	-6585.095059	2243.970586
66600.000000	-2242160.836543	9856625.342154	-6507.315607	1846.688881
66700.000000	-2888281.790522	10022674.325140	-6412.606868	1479.035686
66800.000000	-3524239.228918	10153342.298473	-6304.584245	1138.686480
66900.000000	-4148852.336996	10251246.867611	-6186.153119	823.404694
67000.000000	-4761201.176832	10318788.360926	-6059.646357	531.086575
67100.000000	-5360575.244199	10358164.341265	-5926.936568	259.782710
67200.000000	-5946432.142114	10371385.474089	-5789.526816	7.704803
67300.000000	-6518364.402806	10360291.585446	-5648.623463	-226.776535
67400.000000	-7076072.841712	10326567.213366	-5505.194477	-445.139203
67500.000000	-7619345.135055	10271756.263285	-5360.016030	-648.719790
67600.000000	-8148038.571206	10197275.575119	-5213.709728	-838.724962
67700.000000	-8662066.138052	10104427.333332	-5066.772382	-1016.243088
67800.000000	-9161385.279665	9994410.326708	-4919.599855	-1182.255551
67900.000000	-9645988.792349	9868330.108417	-4772.506179	-1337.647393
68000.000000	-10115897.438778	9727208.130457	-4625.738943	-1483.217166
68100.000000	-10571153.945001	9571989.937253	-4479.491677	-1619.685893
68200.000000	-11011818.113172	9403552.505838	-4333.913870	-1747.705179
68300.000000	-11437962.836622	9222710.817974	-4189.119071	-1867.864470
68400.000000	-11849670.846520	9030223.744773	-4045.191475	-1980.697554
68500.000000	-12247032.053059	8826799.318251	-3902.191271	-2086.688335
68600.000000	-12630141.370914	8613099.457545	-3760.159014	-2186.275972
68700.000000	-12999096.940005	8389744.210841	-3619.119192	-2279.859441
68800.000000	-13353998.669603	8157315.567622	-3479.083145	-2367.801574
68900.000000	-13694947.047394	7916360.889858	-3340.051461	-2450.432652
69000.000000	-14022042.166019	7667396.005271	-3202.015947	-2528.053579
69100.000000	-14335382.928372	7410908.000889	-3064.961247	-2600.938707
69200.000000	-14635066.399981	7147357.750643	-2928.866170	-2669.338340
69300.000000	-14921187.282541	6877182.206857	-2793.704796	-2733.480954
69400.000000	-15193837.487262	6600796.482005	-2659.447372	-2793.575181
69500.000000	-15453105.790489	6318595.744031	-2526.061066	-2849.811556
69600.000000	-15699077.557114	6030956.945871	-2393.510574	-2902.364090
69700.000000	-15931834.519779	5738240.407408	-2261.758631	-2951.391652
69800.000000	-16151454.603983	5440791.266080	-2130.766422	-2997.039215
69900.000000	-16358011.790825	5138940.810501	-2000.493924	-3039.438957
70000.000000	-16551576.010566	4833007.709913	-1870.900186	-3078.711242
70100.000000	-16732213.061299	4523299.150860	-1741.943549	-3114.965498
70200.000000	-16899984.547984	4210111.891313	-1613.581837	-3148.300990
70300.000000	-17054947.837895	3893733.241376	-1485.772494	-3178.807518
70400.000000	-17197156.029164	3574441.978809	-1358.472709	-3206.566027
70500.000000	-17326657.929672	3252509.206780	-1231.639503	-3231.649148
70600.000000	-17443498.043976	2928199.160580	-1105.229798	-3254.121682
70700.000000	-17547716.566359	2601769.969402	-979.200473	-3274.041016
70800.000000	-17639349.378399	2273474.378781	-853.508402	-3291.457493
70900.000000	-17718428.049732	1943560.438822	-728.110475	-3306.414727
71000.000000	-17784979.840904	1612272.162965	-602.963621	-3318.949880
71100.000000	-17839027.707424	1279850.161698	-478.024812	-3329.093884
71200.000000	-17880590.304282	946532.255349	-353.251065	-3336.871637
71300.000000	-17909681.990343	612554.069874	-228.599440	-3342.302151
71400.000000	-17926312.832174	278149.619352	-104.027030	-3345.398669
71500.000000	-17930488.606972	-56448.121231	20.509048	-3346.168740
71600.000000	-17922210.804341	-391006.649443	145.051666	-3344.614269
71700.000000	-17901476.626825	-725293.371693	269.643694	-3340.731529
71800.000000	-17868278.989136	-1059075.038982	394.328021	-3334.511132
71900.000000	-17822606.516154	-1392117.178728	519.147557	-3325.937981
72000.000000	-17764443.539856	-1724183.519244	644.145251	-3314.991173
72100.000000	-17693770.095440	-2055035.403365	769.364090	-3301.643878
72200.000000	-17610561.917016	-2384431.187616	894.847109	-3285.863170
72300.000000	-17514790.433352	-2712125.623121	1020.637379	-3267.609829
72400.000000	-17406422.764315	-3037869.214313	1146.778004	-3246.838097
72500.000000	-17285421.718779	-3361407.551188	1273.312097	-3223.495392
72600.000000	-17151745.794969	-3682480.610628	1400.282751	-3197.521974
72700.000000	-17005349.184411	-4000822.021894	1527.732998	-3168.850563
72800.000000	-16846181.780890	-4316158.291047	1655.705751	-3137.405897
72900.000000	-16674189.196123	-4628207.978533	1784.243724	-3103.104236
73000.000000	-16489312.784190	-4936680.823638	1913.389337	-3065.852796
73100.000000	-16291489.677146	-5241276.808877	2043.184586	-3025.549115
73200.000000	-16080652.834768	-5541685.156651	2173.670892	-2982.080325
73300.000000	-15856731.111913	-5837583.249664	2304.888897	-2935.322357
73400.000000	-15619649.347709	-6128635.465627	2436.878228	-2885.139021
73500.000000	-15369328.481605	-6414491.915678	2569.677197	-2831.380994
73600.000000	-15105685.702315	-6694787.074688	2703.322440	-2773.884672
73700.000000	-14828634.636949	-6969138.290146	2837.848472	-2712.470884
73800.000000	-14538085.589039	-7237144.154724	2973.287151	-2646.943450
73900.000000	-14233945.836040	-7498382.725665	3109.667021	-2577.087555
74000.000000	-13916119.999005	-7752409.572038	3247.012520	-2502.667928
74100.000000	-13584510.499885	-7998755.628409	3385.343016	-2423.426788
74200.000000	-13239018.125098	-8236924.830684	3524.671637	-2339.081534
74300.000000	-12879542.718113	-8466391.506693	3665.003854	-2249.322144
74400.000000	-12505984.028700	-8686597.490476	3806.335755	-2153.808247
74500.000000	-12118242.752617	-8896948.925136	3948.651946	-2052.165811
74600.000000	-11716221.803098	-9096812.714540	4091.923002	-1943.983422
74700.000000	-11299827.864865	-9285512.579057	4236.102347	-1828.808081
74800.000000	-10868973.293120	-9462324.664837	4381.122446	-1706.140466
74900.000000	-10423578.434530	-9626472.650039	4526.890147	-1575.429595
75000.000000	-9963574.465529	-9777122.284840	4673.280952	-1436.066831
75100.000000	-9488906.866154	-9913375.295380	4820.131986	-1287.379142
75200.000000	-8999539.676486	-10034262.575169	4967.233322	-1128.621582
75300.000000	-8495460.719114	-10138736.581731	5114.317254	-958.968909
75400.000000	-7976688.016940	-10225662.852137	5261.045021	-777.506339
75500.000000	-7443277.693652	-10293810.550306	5406.990309	-583.219437
75600.000000	-6895333.717608	-10341841.963767	5551.618729	-374.983240
75700.000000	-6333019.942627	-10368300.881788	5694.262204	-151.550806
75800.000000	-5756575.016230	-10371599.815886	5834.086988	88.458403
75900.000000	-5166330.872932	-10350006.076329	5970.053644	346.569636
76000.000000	-4562735.713703	-10301626.807036	6100.866963	624.462334
76100.000000	-3946382.599107	-10224393.225427	6224.913318	923.976181
76200.000000	-3318045.058053	-10116044.541507	6340.182455	1247.110886
76300.000000	-2678721.437154	-9974112.383324	6444.170281	1596.015390
76400.000000	-2029690.078074	-9795907.093667	6533.758890	1972.959909
76500.000000	-1372577.781929	-9578508.069957	6605.070254	2380.281060
76600.000000	-709444.331668	-9318761.510418	6653.291150	2820.285769
76700.000000	-42885.955549	-9013290.652041	6672.469928	3295.093515
76800.000000	623839.733815	-8658526.008225	6655.292236	3806.388647
76900.000000	1286666.057431	-8250766.384551	6592.855168	4355.045569
77000.000000	1940548.514754	-7786285.589518	6474.481007	4940.581734
77100.000000	2579282.368134	-7261504.420386	6287.646791	5560.392045
77200.000000	3195324.032714	-6673251.550194	6018.157228	6208.734400
77300.000000	3779649.621409	-6019137.740512	5650.752134	6875.488803
77400.000000	4321706.119816	-5298060.443003	5170.395062	7544.827412
77500.000000	4809535.893184	-4510832.932395	4564.484102	8194.130491
77600.000000	5230173.089688	-3660885.850491	3826.066114	8793.742481
77700.000000	5570400.234964	-2754918.221501	2957.720077	9308.362605
77800.000000	5817887.968343	-1803297.399814	1975.109253	9700.748378
77900.000000	5962607.015548	-819969.768581	908.577068	9937.694074
78000.000000	5998232.168150	178290.923109	-198.810146	9996.964983
78100.000000	5923147.771541	1173275.789803	-1297.186839	9872.723101
78200.000000	5740719.737913	2147095.429665	-2338.218689	9577.051803
78300.000000	5458736.383977	3083851.845860	-3282.875151	9136.847614
78400.000000	5088215.684481	3970821.880069	-4106.016569	8587.544360
78500.000000	4641956.689494	4798963.394141	-4796.954743	7966.279510
78600.000000	4133200.759534	5562804.627108	-5356.955555	7306.646011
78700.000000	3574623.480986	6259928.001222	-5795.407974	6635.857885
78800.000000	2977713.497405	6890281.803914	-6126.101454	5974.034561
78900.000000	2352484.293476	7455494.268016	-6364.357262	5334.827842
79000.000000	1707422.049402	7958285.582361	-6525.167248	4726.647822
79100.000000	1049575.405563	8402010.506395	-6622.177293	4153.987868
79200.000000	384715.284958	8790326.982627	-6667.260305	3618.593486
79300.000000	-282482.216653	9126969.705231	-6670.448359	3120.387320
79400.000000	-948256.844123	9415603.871345	-6640.056019	2658.152340
79500.000000	-1609602.396814	9659736.725124	-6582.887376	2230.012242
79600.000000	-2264127.103969	9862668.978838	-6504.464790	1833.756278
79700.000000	-2909936.531855	10027472.751184	-6409.247197	1467.051196
79800.000000	-3545537.158018	10156986.507849	-6300.823782	1127.574258
79900.000000	-4169757.876180	10253820.447123	-6182.078731	813.092683
80000.000000	-4781686.551128	10320367.928026	-6055.327850	521.507560
80100.000000	-5380618.948689	10358820.053709	-5922.430039	250.874748
80200.000000	-5966017.710808	10371181.562499	-5784.877349	-0.588720
80300.000000	-6537479.419710	10359286.878890	-5643.867294	-234.507077
80400.000000	-7094708.145792	10324815.640647	-5500.360727	-452.353369
80500.000000	-7637494.180197	10269307.320718	-5355.128083	-655.459689
80600.000000	-8165696.910073	10194174.756766	-5208.786339	-845.028593
80700.000000	-8679231.005035	10100716.522826	-5061.828563	-1022.144723
80800.000000	-9178055.253228	9990128.151745	-4914.647581	-1187.786096
80900.000000	-9662163.521095	9863512.260018	-4767.554962	-1342.834730
81000.000000	-10131577.418763	9721887.649700	-4620.796289	-1488.086462
81100.000000	-10586340.338380	9566197.472319	-4474.563458	-1624.259883
81200.000000	-11026512.600240	9397316.542258	-4329.004621	-1752.004420
81300.000000	-11452167.494923	9216057.884818	-4184.232239	-1871.907571
81400.000000	-11863388.051935	9023178.599356	-4040.329609	-1984.501374
81500.000000	-12260264.398796	8819385.111694	-3897.356192	-2090.268166
81600.000000	-12642891.601103	8605337.883332	-3755.351941	-2189.645700
81700.000000	-13011367.895236	8381655.638274	-3614.340851	-2283.031685
81800.000000	-13365793.242260	8148919.161885	-3474.333858	-2370.787818
81900.000000	-13706268.145015	7907674.720200	-3335.331221	-2453.243349
82000.000000	-14032892.681275	7658437.142658	-3197.324474	-2530.698256
82100.000000	-14345765.714476	7401692.606308	-3060.298038	-2603.426052
82200.000000	-14644984.250593	7137901.155110	-2924.230542	-2671.676276
82300.000000	-14930642.915360	6867498.984063	-2789.095918	-2735.676715
82400.000000	-15202833.530685	6590900.514412	-2654.864294	-2795.635367
82500.000000	-15461644.772786	6308500.283155	-2521.502739	-2851.742195
82600.000000	-15707161.897677	6020674.667378	-2388.975872	-2904.170679
82700.000000	-15939466.522100	5727783.461617	-2257.246365	-2953.079206
82800.000000	-16158636.450034	5430171.324352	-2126.275352	-2998.612306
82900.000000	-16364745.536603	5128169.107991	-1996.022772	-3040.901743
83000.000000	-16557863.582593	4822095.085056	-1866.447642	-3080.067503
83100.000000	-16738056.253893	4512256.081980	-1737.508280	-3116.218660
83200.000000	-16905385.021168	4198948.530653	-1609.162491	-3149.454153
83300.000000	-17059907.115809	3882459.446845	-1481.367706	-3179.863474
83400.000000	-17201675.498890	3563067.343709	-1354.081103	-3207.527278
83500.000000	-17330738.840377	3241043.087745	-1227.259697	-3232.517927
83600.000000	-17447141.506313	2916650.703938	-1100.860404	-3254.899964
83700.000000	-17550923.552054	2590148.136160	-974.840102	-3274.730535
83800.000000	-17642120.719987	2261787.968405	-849.155659	-3292.059748
83900.000000	-17720764.440389	1931818.111987	-723.763966	-3306.930996
84000.000000	-17786881.834354	1600482.463416	-598.621952	-3319.381225
84100.000000	-17840495.717885	1268021.537376	-473.686588	-3329.441159
84200.000000	-17881624.606426	934673.078909	-348.914890	-3337.135495
84300.000000	-17910282.719265	600672.658731	-224.263918	-3342.483046
84400.000000	-17926479.983349	266254.255367	-99.690764	-3345.496858
84500.000000	-17930222.036183	-68349.172293	24.847455	-3346.184287
84600.000000	-17921510.227592	-402905.118574	149.393612	-3344.547046
84700.000000	-17900341.620216	-737180.967308	273.990579	-3340.581212
84800.000000	-17866708.988715	-1070943.427470	398.681246	-3334.277203
84900.000000	-17820600.817743	-1403957.964771	523.508526	-3325.619724
85000.000000	-17762001.298864	-1735988.225796	648.515368	-3314.587670
85100.000000	-17690890.326671	-2066795.451156	773.744763	-3301.154001
85200.000000	-17607243.494488	-2396137.874058	899.239746	-3285.285578
85300.000000	-17511032.090147	-2723770.100491	1025.043391	-3266.942959
85400.000000	-17402223.092490	-3049442.467052	1151.198800	-3246.080155
85500.000000	-17280779.169362	-3372900.372194	1277.749087	-3222.644339
85600.000000	-17146658.678085	-3693883.576346	1404.737344	-3196.575517
85700.000000	-16999815.669577	-4012125.466061	1532.206598	-3167.806138
85800.000000	-16840199.897539	-4327352.276877	1660.199754	-3136.260654
85900.000000	-16667756.834427	-4639282.269146	1788.759518	-3101.855021
86000.000000	-16482427.696250	-4947624.850494	1917.928295	-3064.496127
86100.000000	-16284149.478659	-5252079.637973	2047.748063	-3024.081159
86200.000000	-16072855.007268	-5552335.452186	2178.260215	-2980.496875
86300.000000	-15848473.005742	-5848069.234873	2309.505360	-2933.618796
86400.000000	-15610928.185863	-6138944.880424	2441.523082	-2883.310292
86500.000000	-15360141.364662	-6424611.970731	2574.351638	-2829.421563
86600.000000	-15096029.614678	-6704704.401471	2708.027594	-2771.788482
86700.000000	-14818506.454681	-6978838.886501	2842.585376	-2710.231311
86800.000000	-14527482.089636	-7246613.325358	2978.056735	-2644.553246
86900.000000	-14222863.710546	-7507605.016975	3114.470079	-2574.538791
87000.000000	-13904555.866974	-7761368.700558	3251.849682	-2499.951924
87100.000000	-13572460.927772	-8007434.402077	3390.214708	-2420.534038
87200.000000	-13226479.648820	-8245305.062043	3529.578035	-2336.001620
87300.000000	-12866511.870663	-8474453.917005	3669.944830	-2246.043643
87400.000000	-12492457.373876	-8694321.603596	3811.310808	-2150.318615
87500.000000	-12104216.926201	-8904312.949851	3953.660123	-2048.451267
87600.000000	-11701693.563081	-9103793.413906	4096.962794	-1940.028809
87700.000000	-11284794.152707	-9292085.125071	4241.171570	-1824.596708
87800.000000	-10853431.308472	-9468462.476599	4386.218094	-1701.653934
87900.000000	-10407525.726440	-9632147.213312	4532.008204	-1570.647602
88000.000000	-9947009.043846	-9782302.950712	4678.416176	-1430.966946
88100.000000	-9471827.337761	-9918029.055475	4825.277630	-1281.936563
88200.000000	-8981945.412126	-10038353.810670	4972.380792	-1122.808855
88300.000000	-8477352.057996	-10142226.783270	5119.455696	-952.755622
88400.000000	-7958066.518115	-10228510.307558	5266.160796	-770.858789
88500.000000	-7424146.445447	-10295969.997337	5412.066351	-576.100263
88600.000000	-6875697.719274	-10343264.204988	5556.633736	-367.351034
88700.000000	-6312886.576019	-10368932.360008	5699.189639	-143.359713
88800.000000	-5735954.629909	-10371382.149445	5838.893822	97.259082
88900.000000	-5145237.506839	-10348875.556258	5974.698786	356.035803
89000.000000	-4541187.999678	-10299513.862009	6105.299301	634.655369
89100.000000	-3924404.881273	-10221221.866806	6229.069264	934.963049
89200.000000	-3295668.787504	-10111731.810744	6343.982891	1258.963957
89300.000000	-2655986.907462	-9968567.839274	6447.516776	1608.811784
89400.000000	-2006648.581112	-9789032.400471	6536.529056	1986.780082
89500.000000	-1349294.275890	-9570196.780543	6607.112133	2395.206223
89600.000000	-686000.721402	-9308899.190940	6654.416580	2836.393533
89700.000000	-19385.082715	-9001755.564365	6672.447021	3312.450918
89800.000000	647269.318859	-8645190.666718	6653.837379	3825.041424
89900.000000	1309864.539388	-8235500.433734	6589.625570	4375.002201
90000.000000	1963318.615941	-7768960.606452	6469.069765	4961.790626
90100.000000	2601382.922113	-7242001.406826	6279.583989	5582.710364
90200.000000	3216464.190239	-6651471.982363	6006.922607	6231.888195
90300.000000	3799485.221273	-5995018.959977	5635.807183	6899.026833
90400.000000	4339840.619625	-5271595.681327	5151.243596	7568.076582
90500.000000	4825529.090376	-4482095.076720	4540.768061	8216.169104
90600.000000	5243561.126216	-3630051.966032	3797.693572	8813.416626
90700.000000	5580729.172638	-2722289.069973	2925.002748	9324.374067
90800.000000	5824759.681490	-1769303.854774	1938.861501	9711.828777
90900.000000	5965730.451407	-785158.236144	870.114393	9942.842754
91000.000000	5997467.497567	213297.272446	-237.814459	9995.679837
91100.000000	5918529.631347	1207834.532533	-1334.966944	9865.129913
91200.000000	5732451.334568	2180607.419462	-2373.215436	9563.870977
91300.000000	5447156.603963	3115812.629865	-3313.960754	9119.214506
91400.000000	5073750.439089	4000851.095281	-4132.580614	8566.764648
91500.000000	4625068.529304	4826810.355704	-4818.859178	7943.610421
91600.000000	4114347.334847	5588335.730351	-5374.413371	7283.155889
91700.000000	3554229.400985	6283104.369007	-5808.845057	6612.369373
91800.000000	2956155.145635	6911134.534493	-6136.039793	5951.128638
91900.000000	2330084.596829	7474101.920968	-6371.333365	5312.880150
92000.000000	1684451.688848	7974755.956416	-6529.683814	4705.875312
92100.000000	1026257.535461	8416467.034391	-6624.679828	4134.493080
92200.000000	361231.718721	8802899.190801	-6668.129829	3600.401093
92300.000000	-305984.596165	9137786.885012	-6670.003240	3103.471879
92400.000000	-971660.109047	9424791.122205	-6638.558224	2642.458206
92500.000000	-1632812.321397	9667412.664071	-6580.550322	2215.467264
92600.000000	-2287068.707972	9868944.576746	-6501.461241	1820.280892
92700.000000	-2932550.383053	10032450.904359	-6405.716473	1454.564231
92800.000000	-3567776.347734	10160762.071256	-6296.877988	1115.996507
92900.000000	-4191585.567227	10256480.543455	-6177.807981	802.348956
93000.000000	-4803074.000338	10321992.409452	-6050.804554	511.527752
93100.000000	-5401543.916719	10359482.036500	-5917.712383	241.594280
93200.000000	-5986463.184837	10370947.984190	-5780.012094	-9.228858
93300.000000	-6557432.587422	10358219.047320	-5638.892023	-242.560514
93400.000000	-7114159.570517	10322969.757106	-5495.305637	-459.868667
93500.000000	-7656437.136850	10266734.967832	-5350.017421	-662.480725
93600.000000	-8184126.849613	10190923.347015	-5203.639550	-851.594960
93700.000000	-8697145.121731	10096829.706919	-5056.661205	-1028.292129
93800.000000	-9195452.134299	9985646.187991	-4909.472064	-1193.546743
93900.000000	-9679042.862453	9858472.346965	-4762.381139	-1348.237668
94000.000000	-10147939.793935	9716324.224833	-4615.631931	-1493.157913
94100.000000	-10602187.010317	9560142.479832	-4469.414639	-1629.023537
94200.000000	-11041845.367781	9390799.672894	-4323.876032	-1756.481699
94300.000000	-11466988.567345	9209106.790653	-4179.127435	-1876.117863
94400.000000	-11877699.946319	9015819.086199	-4035.251222	-1988.462249
94500.000000	-12274069.855970	8811641.311552	-3892.306091	-2093.995560
94600.000000	-12656193.516743	8597232.409165	-3750.331374	-2193.154084
94700.000000	-13024169.263370	8373209.723022	-3609.350554	-2286.334213
94800.000000	-13378097.108926	8140152.783547	-3469.374149	-2373.896455
94900.000000	-13718077.570269	7898606.714548	-3330.402073	-2456.168992
95000.000000	-14044210.708049	7649085.304974	-3192.425580	-2533.450834
95100.000000	-14356595.343092	7392073.783394	-3055.428861	-2606.014619
95200.000000	-14655328.417925	7128031.328658	-2919.390358	-2674.109094
95300.000000	-14940504.477843	6857393.346351	-2784.283848	-2737.961322
95400.000000	-15212215.250488	6580573.537185	-2650.079335	-2797.778646
95500.000000	-15470549.306605	6297965.780447	-2516.743788	-2853.750426
95600.000000	-15715591.787686	6009945.852943	-2384.241744	-2906.049594
95700.000000	-15947424.188683	5716873.001557	-2252.535811	-2954.834035
95800.000000	-16166124.185979	5419091.385483	-2121.587072	-3000.247811
95900.000000	-16371765.502508	5116931.402393	-1991.355425	-3042.422261
96000.000000	-16564417.803250	4810710.911254	-1861.799853	-3081.476974
96100.000000	-16744146.615484	4500736.363099	-1732.878653	-3117.520657
96200.000000	-16911013.269112	4187303.849904	-1604.549608	-3150.651905
96300.000000	-17065074.853138	3870700.080631	-1476.770137	-3180.959890
96400.000000	-17206384.185048	3551203.292621	-1349.497408	-3208.524969
96500.000000	-17334989.790349	3229084.105701	-1222.688427	-3233.419219
96600.000000	-17450935.890016	2904606.325678	-1096.300107	-3255.706918
96700.000000	-17554262.393931	2578027.703306	-970.289320	-3275.444954
96800.000000	-17645004.898739	2249600.654272	-844.612935	-3292.683195
96900.000000	-17723194.688821	1919572.945313	-719.227841	-3307.464802
97000.000000	-17788858.739284	1588188.351179	-594.090965	-3319.826496
97100.000000	-17842019.720099	1255687.286831	-469.159278	-3329.798785
97200.000000	-17882696.000651	922307.419008	-344.389797	-3337.406153
97300.000000	-17910901.654140	588284.261042	-219.739581	-3342.667206
97400.000000	-17926646.461386	253851.754629	-95.165721	-3345.594786
97500.000000	-17929935.913702	-80757.157860	29.374666	-3346.196049
97600.000000	-17920771.214631	-415309.967074	153.924454	-3344.472503
97700.000000	-17899149.280411	-749574.032978	278.526518	-3340.420024
97800.000000	-17865062.739143	-1083316.020363	403.223747	-3334.028827
97900.000000	-17818499.928750	-1416301.330209	528.059058	-3325.283408
98000.000000	-17759444.893868	-1748293.523441	653.075401	-3314.162451
98100.000000	-17687877.381966	-2079053.733602	778.315770	-3300.638700
98200.000000	-17603772.839058	-2408340.064787	903.823200	-3284.678792
98300.000000	-17507102.405514	-2735906.971066	1029.640767	-3266.243051
98400.000000	-17397832.912622	-3061504.613402	1155.811575	-3245.285245
98500.000000	-17275926.880673	-3384878.189813	1282.378735	-3221.752297
98600.000000	-17141342.519569	-3705767.234267	1409.385338	-3195.583943
98700.000000	-16994033.733121	-4023904.879393	1536.874407	-3166.712350
98800.000000	-16833950.128479	-4339017.077722	1664.888840	-3135.061670
98900.000000	-16661037.032411	-4650821.775667	1793.471332	-3100.547540
99000.000000	-16475235.516491	-4959028.033907	1922.664274	-3063.076509
99100.000000	-16276482.433684	-5263335.087178	2052.509622	-3022.545394
99200.000000	-16064710.469280	-5563431.335763	2183.048744	-2978.840560
99300.000000	-15839848.209731	-5858993.260096	2314.322213	-2931.837102
99400.000000	-15601820.233651	-6149684.248949	2446.369567	-2881.397930
99500.000000	-15350547.230072	-6435153.330527	2579.229004	-2827.372741
99600.000000	-15085946.150092	-6715033.794557	2712.937017	-2769.596865
99700.000000	-14807930.399260	-6988941.691963	2847.527942	-2707.889967
99800.000000	-14516410.079581	-7256474.197067	2983.033413	-2642.054593
99900.000000	-14211292.291818	-7517207.815366	3119.481700	-2571.874531
